收寄城市,寄达城市,流量_集包,流量_大件,总流量
南京,常州,198,2483,2681
南京,淮安,43,466,509
无锡,连云港,39,271,310
苏州,徐州,158,1142,1300
连云港,苏州,86,593,679
徐州,盐城,64,1039,1103
常州,南通,83,765,848
南通,苏州,134,3043,3177
南通,盐城,40,768,808
杭州,温州,542,1186,1728
嘉兴,宁波,184,521,705
台州,宁波,274,950,1224
长沙,长沙,491,8231,8722
武汉,襄阳,95,1718,1813
汕头,中山,73,594,667
石家庄,西安,338,4000,4338
石家庄,太原,226,2659,2885
石家庄,南京,106,1260,1366
石家庄,阿克苏,27,289,316
天津,信阳,24,731,755
廊坊,侯马,23,175,198
廊坊,南昌,26,234,260
廊坊,厦门,18,154,172
廊坊,郑州,44,392,436
廊坊,南充,13,117,130
保定,合肥,46,385,431
保定,济南,193,1647,1840
保定,信阳,77,606,683
保定,常州,25,174,199
保定,襄阳,18,129,147
北京,西安,78,1728,1806
沈阳,合肥,54,387,441
沈阳,蚌埠,36,245,281
长春,信阳,12,200,212
长春,贵阳,20,381,401
哈尔滨,长春,80,2789,2869
南京,哈尔滨,152,1812,1964
南京,锦州,38,422,460
南京,洛阳,63,692,755
南京,汕头,75,838,913
扬州,郑州,80,858,938
扬州,漯河,34,342,376
常州,厦门,112,1112,1224
无锡,福州,75,551,626
无锡,银川,34,245,279
无锡,石家庄,87,671,758
无锡,金华,49,372,421
无锡,长沙,91,685,776
无锡,汕头,36,268,304
无锡,南宁,53,408,461
无锡,海口,35,265,300
无锡,成都,140,1052,1192
苏州,广州,292,2333,2625
苏州,济南,197,1546,1743
苏州,青岛,100,814,914
徐州,北京,244,4978,5222
徐州,湛江,68,1134,1202
徐州,贵阳,215,3675,3890
徐州,海口,112,2105,2217
连云港,南昌,51,335,386
连云港,银川,23,154,177
连云港,昆明,35,243,278
淮安,石家庄,22,185,207
淮安,漯河,12,109,121
淮安,金华,20,201,221
徐州,侯马,80,1388,1468
徐州,芜湖,66,1118,1184
盐城,合肥,55,311,366
盐城,厦门,36,184,220
盐城,郑州,109,587,696
扬州,北京,50,542,592
扬州,洛阳,25,259,284
扬州,汕头,26,258,284
扬州,南充,24,228,252
常州,哈尔滨,200,2018,2218
常州,芜湖,55,516,571
常州,襄阳,44,406,450
常州,南充,69,637,706
常州,兰州,91,888,979
南通,太原,36,781,817
南通,青岛,50,1085,1135
南通,宁波,56,1292,1348
南通,武汉,92,2065,2157
南通,南宁,52,1172,1224
南通,西安,80,1777,1857
合肥,北京,261,2750,3011
合肥,芜湖,120,1205,1325
合肥,福州,226,2412,2638
安庆,侯马,63,565,628
安庆,宁波,78,808,886
安庆,南昌,128,1233,1361
安庆,汕头,87,861,948
安庆,南宁,138,1378,1516
安庆,兰州,72,686,758
蚌埠,沈阳,219,2340,2559
蚌埠,漯河,96,979,1075
蚌埠,西安,245,2553,2798
济南,郑州,298,3472,3770
济南,乌鲁木齐,91,1071,1162
潍坊,郑州,35,511,546
临沂,信阳,25,260,285
杭州,天津,434,1029,1463
杭州,衡阳,176,404,580
杭州,广州,1133,2680,3813
杭州,南宁,429,1023,1452
杭州,柳州,165,374,539
杭州,银川,163,382,545
湖州,石家庄,182,489,671
湖州,常州,64,172,236
湖州,济南,275,731,1006
湖州,青岛,94,250,344
嘉兴,石家庄,109,330,439
嘉兴,沈阳,147,441,588
嘉兴,汕头,74,217,291
嘉兴,成都,194,571,765
嘉兴,海口,47,145,192
嘉兴,兰州,79,236,315
嘉兴,大理州,26,77,103
宁波,石家庄,175,1419,1594
宁波,南昌,185,1441,1626
宁波,福州,190,1510,1700
宁波,襄阳,46,353,399
宁波,昆明,146,1169,1315
宁波,大理州,34,263,297
台州,锦州,52,179,231
台州,徐州,198,717,915
台州,合肥,274,1006,1280
台州,信阳,180,647,827
台州,汕头,185,666,851
台州,成都,417,1478,1895
台州,银川,79,287,366
金华,长春,388,2860,3248
金华,洛阳,223,1656,1879
金华,广州,1166,8965,10131
金华,柳州,183,1326,1509
金华,西安,662,5023,5685
金华,兰州,252,1908,2160
金华,鹰潭,83,593,676
温州,侯马,85,324,409
温州,合肥,184,773,957
温州,洛阳,88,338,426
温州,广州,542,2237,2779
温州,柳州,78,302,380
南昌,天津,145,1738,1883
南昌,西安,232,2648,2880
鹰潭,郑州,32,308,340
福州,济南,121,1370,1491
福州,湛江,39,446,485
泉州,哈尔滨,47,1496,1543
泉州,呼和浩特,29,842,871
泉州,石家庄,45,1249,1294
泉州,南京,38,1139,1177
泉州,济南,76,2267,2343
泉州,武汉,71,2291,2362
泉州,信阳,30,771,801
泉州,南充,22,622,644
厦门,汕头,43,1336,1379
重庆,广州,121,4622,4743
重庆,呼和浩特,61,2236,2297
重庆,侯马,19,638,657
重庆,徐州,23,769,792
重庆,南昌,47,1647,1694
重庆,襄阳,12,439,451
重庆,昆明,95,3773,3868
重庆,西安,76,2841,2917
长沙,侯马,78,1108,1186
长沙,天津,168,2558,2726
长沙,长春,113,1798,1911
长沙,常州,77,1079,1156
长沙,青岛,117,1733,1850
长沙,襄阳,53,768,821
常德,杭州,19,349,368
衡阳,石家庄,32,814,846
武汉,呼和浩特,108,2189,2297
武汉,北京,270,6020,6290
武汉,杭州,162,3577,3739
荆州,常州,11,102,113
武汉,阿克苏,30,512,542
郑州,合肥,165,2955,3120
郑州,杭州,184,3413,3597
郑州,广州,520,9500,10020
郑州,西安,379,6948,7327
郑州,洛阳,133,2174,2307
洛阳,天津,105,1244,1349
洛阳,哈尔滨,128,1394,1522
洛阳,合肥,67,685,752
洛阳,南京,57,598,655
洛阳,芜湖,25,248,273
信阳,信阳,19,246,265
郑州,襄阳,58,1026,1084
汕头,锦州,12,82,94
汕头,济南,63,487,550
汕头,南充,29,221,250
汕头,昆明,57,419,476
湛江,武汉,23,597,620
湛江,湛江,6,135,141
中山,汕头,81,996,1077
成都,乌鲁木齐,44,1891,1935
成都,南宁,67,1513,1580
昆明,中山,25,496,521
石家庄,唐山,91,1017,1108
石家庄,泉州,68,793,861
石家庄,扬州,28,321,349
石家庄,包头,36,388,424
石家庄,宝鸡,25,280,305
天津,泉州,10,290,300
唐山,廊坊,9,95,104
唐山,沈阳,19,256,275
唐山,哈尔滨,16,199,215
唐山,郑州,14,170,184
唐山,信阳,6,75,81
唐山,呼和浩特,6,81,87
唐山,锦州,5,53,58
唐山,临沂,5,44,49
唐山,南昌,6,74,80
北京,长春,62,1348,1410
北京,武汉,57,1271,1328
北京,昆明,43,955,998
廊坊,呼和浩特,24,214,238
廊坊,大连,16,159,175
廊坊,嘉兴,8,68,76
廊坊,宝鸡,5,37,42
保定,上海,82,725,807
保定,重庆,56,489,545
保定,蚌埠,29,249,278
保定,安庆,15,121,136
保定,济宁,36,298,334
保定,台州,15,121,136
保定,义乌,7,49,56
北京,呼和浩特,30,652,682
北京,蚌埠,15,309,324
北京,芜湖,10,219,229
北京,南宁,33,765,798
北京,保定,17,379,396
北京,大连,17,391,408
沈阳,唐山,70,568,638
沈阳,杭州,77,593,670
沈阳,苏州,79,596,675
沈阳,淮安,12,76,88
沈阳,芜湖,21,137,158
沈阳,泉州,26,212,238
长春,廊坊,8,220,228
长春,常州,7,172,179
长春,蚌埠,7,167,174
长春,泉州,6,154,160
长春,重庆,11,292,303
长春,洛阳,7,156,163
哈尔滨,呼和浩特,22,681,703
哈尔滨,廊坊,15,389,404
哈尔滨,合肥,14,369,383
哈尔滨,杭州,27,869,896
哈尔滨,嘉兴,10,256,266
哈尔滨,厦门,15,369,384
哈尔滨,郑州,30,899,929
哈尔滨,信阳,12,300,312
哈尔滨,贵阳,15,460,475
哈尔滨,成都,33,1021,1054
哈尔滨,兰州,13,380,393
南京,泉州,61,770,831
南京,衡阳,55,664,719
南京,东莞,83,1024,1107
南京,银川,56,668,724
南京,西宁,18,208,226
南京,阿克苏,19,186,205
南京,深圳,132,1679,1811
扬州,赣州,14,133,147
扬州,海口,31,354,385
淮安,上海,92,1043,1135
淮安,温州,25,253,278
淮安,汕头,13,133,146
淮安,深圳,25,255,280
淮安,东莞,21,198,219
常州,泉州,80,820,900
常州,重庆,141,1467,1608
无锡,台州,34,266,300
无锡,泉州,29,227,256
苏州,鹰潭,19,146,165
苏州,重庆,105,886,991
苏州,常德,32,269,301
徐州,烟台,55,1002,1057
徐州,赣州,52,918,970
徐州,深圳,174,3504,3678
徐州,内江,15,237,252
连云港,保定,24,167,191
连云港,淮安,12,83,95
连云港,安庆,13,89,102
连云港,临沂,24,178,202
连云港,台州,16,117,133
连云港,荆州,7,43,50
连云港,内江,5,26,31
连云港,宝鸡,6,39,45
淮安,阿克苏,9,84,93
淮安,泉州,11,104,115
淮安,洛阳,10,87,97
淮安,常德,7,59,66
盐城,唐山,14,70,84
盐城,济宁,25,137,162
盐城,成都,72,419,491
扬州,包头,10,117,127
扬州,淮安,13,104,117
扬州,内江,5,42,47
扬州,大理州,14,136,150
常州,宝鸡,17,166,183
常州,西宁,11,104,115
合肥,大连,74,802,876
合肥,连云港,34,362,396
合肥,淮安,23,238,261
合肥,潍坊,81,890,971
合肥,湖州,36,370,406
合肥,温州,97,1046,1143
合肥,海口,61,646,707
安庆,临沂,37,371,408
安庆,荆州,15,143,158
蚌埠,无锡,54,541,595
蚌埠,嘉兴,42,413,455
蚌埠,重庆,118,1297,1415
蚌埠,洛阳,69,721,790
蚌埠,湖州,24,226,250
芜湖,上海,116,1601,1717
芜湖,南京,45,527,572
芜湖,徐州,35,387,422
芜湖,泉州,26,310,336
芜湖,长沙,84,1046,1130
芜湖,深圳,57,735,792
芜湖,保定,21,249,270
芜湖,银川,33,397,430
芜湖,无锡,19,236,255
济南,太原,209,2368,2577
济南,大连,87,996,1083
济南,长春,203,2299,2502
济南,上海,317,4072,4389
济南,苏州,137,1604,1741
济南,蚌埠,81,864,945
济南,杭州,159,1811,1970
济南,金华,64,693,757
济南,南昌,140,1495,1635
济南,重庆,161,1852,2013
济南,南通,48,538,586
潍坊,深圳,19,284,303
潍坊,成都,35,548,583
潍坊,保定,10,157,167
潍坊,长沙,25,365,390
潍坊,洛阳,12,161,173
潍坊,中山,16,206,222
潍坊,乌鲁木齐,14,217,231
潍坊,临沂,12,193,205
潍坊,泉州,8,124,132
青岛,杭州,33,483,516
青岛,广州,66,993,1059
青岛,贵阳,27,364,391
青岛,锦州,15,188,203
青岛,金华,14,196,210
济宁,上海,43,1004,1047
济宁,合肥,17,352,369
济宁,温州,10,206,216
济宁,南昌,22,410,432
济宁,衡阳,10,203,213
济宁,武汉,35,755,790
济宁,东莞,17,320,337
济宁,兰州,27,563,590
临沂,长春,31,377,408
临沂,徐州,20,210,230
临沂,福州,24,274,298
临沂,泉州,12,127,139
临沂,贵阳,40,449,489
临沂,兰州,29,316,345
济宁,大连,11,209,220
济宁,锦州,11,199,210
济宁,临沂,12,245,257
济宁,泉州,8,170,178
临沂,保定,13,162,175
临沂,安庆,8,88,96
临沂,常德,8,93,101
济宁,银川,8,160,168
杭州,包头,57,128,185
杭州,上海,1318,3155,4473
杭州,深圳,433,1059,1492
湖州,保定,65,177,242
湖州,潍坊,51,138,189
湖州,嘉兴,58,152,210
湖州,鹰潭,33,88,121
湖州,泉州,88,239,327
湖州,衡阳,71,193,264
湖州,东莞,117,322,439
嘉兴,盐城,42,128,170
嘉兴,赣州,36,112,148
宁波,无锡,74,613,687
宁波,东莞,123,1058,1181
宁波,西宁,16,113,129
金华,包头,56,425,481
金华,廊坊,91,677,768
金华,淮安,73,557,630
金华,扬州,110,845,955
金华,济宁,170,1309,1479
金华,深圳,420,3286,3706
金华,东莞,350,2750,3100
温州,无锡,93,402,495
温州,唐山,51,206,257
温州,保定,62,264,326
温州,淮安,29,112,141
南昌,保定,52,565,617
南昌,深圳,174,2541,2715
南昌,盐城,36,441,477
南昌,安庆,43,531,574
南昌,义乌,25,320,345
鹰潭,重庆,21,207,228
鹰潭,长沙,29,282,311
鹰潭,衡阳,11,91,102
鹰潭,苏州,15,129,144
鹰潭,湛江,8,68,76
福州,常州,37,480,517
福州,金华,42,504,546
福州,海口,43,623,666
福州,台州,31,429,460
福州,乌鲁木齐,28,529,557
福州,鹰潭,17,199,216
福州,襄阳,27,263,290
厦门,石家庄,34,984,1018
厦门,长春,23,697,720
厦门,重庆,30,999,1029
泉州,海口,50,1654,1704
泉州,大连,11,335,346
泉州,淮安,6,147,153
泉州,济宁,17,447,464
泉州,湖州,10,267,277
厦门,湛江,24,724,748
厦门,海口,22,742,764
重庆,烟台,13,475,488
重庆,扬州,8,302,310
重庆,赣州,12,490,502
重庆,荆州,6,227,233
长沙,南通,48,733,781
长沙,湖州,34,453,487
长沙,赣州,69,1135,1204
长沙,西宁,16,242,258
常德,包头,4,54,58
常德,南昌,14,245,259
常德,武汉,21,387,408
常德,东莞,14,248,262
常德,南宁,15,274,289
常德,兰州,6,94,100
衡阳,北京,44,1287,1331
衡阳,青岛,20,483,503
衡阳,天津,27,703,730
衡阳,徐州,13,367,380
衡阳,合肥,22,575,597
衡阳,南昌,33,915,948
衡阳,台州,9,241,250
武汉,济宁,41,857,898
荆州,上海,44,451,495
荆州,泉州,11,102,113
荆州,郑州,25,220,245
荆州,东莞,26,246,272
荆州,成都,37,378,415
荆州,嘉兴,8,76,84
武汉,西宁,21,404,425
襄阳,南昌,22,443,465
襄阳,福州,16,330,346
襄阳,泉州,8,158,166
襄阳,湛江,6,97,103
襄阳,柳州,10,171,181
襄阳,成都,29,625,654
郑州,廊坊,49,864,913
郑州,盐城,44,774,818
郑州,宝鸡,26,488,514
洛阳,无锡,35,368,403
洛阳,济宁,33,318,351
洛阳,泉州,35,412,447
洛阳,昆明,64,417,481
洛阳,包头,16,134,150
洛阳,鹰潭,16,162,178
洛阳,淮安,10,112,122
洛阳,湖州,15,179,194
漯河,武汉,48,1267,1315
漯河,唐山,14,323,337
漯河,济宁,16,381,397
漯河,杭州,36,902,938
漯河,宁波,21,536,557
漯河,温州,19,438,457
信阳,太原,43,579,622
信阳,长春,43,577,620
信阳,苏州,31,434,465
信阳,济南,70,965,1035
信阳,天津,47,696,743
信阳,贵阳,50,619,669
信阳,成都,70,966,1036
信阳,保定,18,249,267
信阳,常州,16,210,226
信阳,无锡,15,205,220
信阳,金华,18,226,244
信阳,温州,17,236,253
信阳,武汉,54,763,817
信阳,深圳,37,550,587
信阳,中山,29,369,398
洛阳,义乌,14,124,138
信阳,锦州,15,176,191
广州,上海,249,2569,2818
广州,常州,61,605,666
广州,蚌埠,59,575,634
广州,常德,64,652,716
广州,郑州,198,1950,2148
广州,西宁,57,510,567
广州,大连,52,516,568
广州,安庆,39,358,397
汕头,南京,19,149,168
汕头,无锡,12,83,95
汕头,苏州,24,184,208
汕头,烟台,12,86,98
汕头,临沂,17,111,128
汕头,衡阳,31,259,290
汕头,东莞,72,639,711
汕头,大理州,13,97,110
广州,鹰潭,30,310,340
湛江,呼和浩特,6,146,152
湛江,南昌,17,437,454
湛江,柳州,10,223,233
湛江,大连,5,97,102
湛江,无锡,6,137,143
湛江,芜湖,5,91,96
湛江,安庆,5,98,103
湛江,济宁,4,80,84
湛江,临沂,4,100,104
湛江,台州,5,123,128
中山,武汉,79,1040,1119
中山,昆明,53,675,728
中山,保定,20,226,246
中山,烟台,14,161,175
中山,金华,22,268,290
中山,衡阳,27,355,382
中山,南充,27,285,312
中山,银川,17,193,210
贵阳,北京,18,422,440
贵阳,杭州,17,391,408
贵阳,宁波,12,251,263
贵阳,南昌,12,266,278
贵阳,武汉,17,391,408
贵阳,郑州,13,314,327
海口,北京,10,132,142
海口,南京,4,53,57
海口,武汉,7,114,121
海口,东莞,5,62,67
成都,哈尔滨,88,2058,2146
成都,福州,54,1280,1334
成都,烟台,18,418,436
成都,襄阳,17,379,396
成都,信阳,35,787,822
成都,深圳,68,1944,2012
昆明,厦门,17,325,342
昆明,郑州,25,460,485
昆明,西安,28,558,586
昆明,临沂,6,104,110
昆明,温州,15,316,331
昆明,常德,7,141,148
西安,天津,64,2763,2827
西安,汕头,54,2205,2259
西安,深圳,116,4893,5009
西安,侯马,59,1605,1664
西安,漯河,29,980,1009
沈阳,安庆,16,111,127
合肥,阿克苏,15,140,155
信阳,湛江,13,174,187
呼和浩特,济南,14,422,436
呼和浩特,武汉,9,249,258
锦州,上海,4,87,91
锦州,济南,5,141,146
锦州,广州,5,123,128
太原,郑州,15,721,736
天津,淮安,4,113,117
天津,盐城,7,249,256
天津,安庆,7,224,231
天津,台州,7,211,218
天津,常德,5,173,178
天津,大理州,5,148,153
天津,阿克苏,4,150,154
沈阳,赣州,12,87,99
哈尔滨,湖州,6,147,153
哈尔滨,南充,7,170,177
合肥,内江,18,189,207
芜湖,荆州,8,97,105
芜湖,大理州,10,97,107
济南,连云港,29,336,365
济南,西宁,19,242,261
青岛,芜湖,9,116,125
青岛,南宁,10,130,140
厦门,连云港,8,223,231
厦门,烟台,8,253,261
厦门,济宁,9,258,267
厦门,银川,11,328,339
常德,厦门,8,119,127
洛阳,西宁,6,42,48
漯河,廊坊,9,216,225
漯河,安庆,10,227,237
漯河,襄阳,11,231,242
信阳,廊坊,10,127,137
信阳,临沂,14,199,213
信阳,湖州,7,91,98
信阳,荆州,5,57,62
漯河,淮安,5,104,109
信阳,拉萨,3,28,31
郑州,喀什,5,75,80
中山,西宁,8,88,96
中山,阿克苏,10,119,129
南宁,呼和浩特,5,465,470
南宁,苏州,13,1008,1021
南宁,宁波,10,780,790
南宁,金华,9,597,606
南宁,福州,20,1570,1590
南宁,厦门,13,972,985
南宁,重庆,24,1915,1939
柳州,南昌,4,158,162
柳州,成都,7,335,342
柳州,西安,4,160,164
南充,上海,16,265,281
南充,西安,20,467,487
南充,青岛,8,103,111
大理州,大连,4,96,100
大理州,南京,3,115,118
大理州,西安,5,199,204
西安,扬州,13,560,573
西安,蚌埠,20,755,775
西安,嘉兴,23,946,969
西安,常德,16,676,692
西安,宝鸡,30,820,850
西安,乌鲁木齐,100,2593,2693
烟台,济南,36,848,884
义乌,温州,391,3183,3574
西宁,西宁,50,1155,1205
乌鲁木齐,乌鲁木齐,44,1825,1869
太原,锦州,4,161,165
大连,天津,12,128,140
大连,漯河,4,40,44
上海,蚌埠,43,642,685
上海,合肥,93,1432,1525
上海,济南,177,2692,2869
上海,杭州,164,2555,2719
上海,武汉,192,2914,3106
烟台,哈尔滨,21,492,513
烟台,常州,6,141,147
烟台,贵阳,10,232,242
临沂,银川,8,86,94
义乌,蚌埠,340,2798,3138
赣州,汕头,5,382,387
赣州,南宁,9,666,675
常德,漯河,5,69,74
荆州,洛阳,8,71,79
深圳,呼和浩特,55,176,231
深圳,哈尔滨,108,338,446
深圳,太原,79,250,329
深圳,南京,110,356,466
深圳,郑州,138,440,578
深圳,南充,67,210,277
东莞,南昌,140,752,892
东莞,柳州,79,423,502
东莞,成都,246,1328,1574
东莞,昆明,126,675,801
南宁,襄阳,5,309,314
南充,合肥,7,100,107
银川,哈尔滨,8,92,100
呼和浩特,徐州,3,87,90
呼和浩特,潍坊,3,90,93
呼和浩特,烟台,4,103,107
呼和浩特,湖州,1,28,29
呼和浩特,温州,3,80,83
呼和浩特,衡阳,2,61,63
呼和浩特,南充,3,99,102
呼和浩特,兰州,4,132,136
呼和浩特,拉萨,1,14,15
包头,石家庄,1,20,21
包头,沈阳,2,36,38
包头,南京,1,9,10
包头,合肥,1,6,7
包头,济宁,1,3,4
包头,嘉兴,1,5,6
包头,汕头,1,5,6
包头,大理州,1,3,4
包头,银川,2,33,35
包头,乌鲁木齐,1,6,7
太原,南京,5,332,337
太原,徐州,4,195,199
太原,福州,6,357,363
太原,襄阳,3,127,130
太原,柳州,2,120,122
侯马,包头,1,47,48
侯马,廊坊,1,58,59
侯马,大连,1,81,82
侯马,青岛,2,196,198
侯马,杭州,3,227,230
侯马,厦门,2,117,119
侯马,泉州,1,100,101
唐山,淮安,1,13,14
唐山,嘉兴,3,31,34
唐山,鹰潭,1,11,12
唐山,常德,2,19,21
唐山,内江,1,5,6
北京,宝鸡,5,121,126
沈阳,喀什,3,17,20
大连,廊坊,2,19,21
大连,无锡,3,28,31
大连,泉州,5,51,56
大连,武汉,8,95,103
大连,中山,4,48,52
锦州,包头,2,38,40
锦州,扬州,1,9,10
锦州,合肥,2,33,35
锦州,安庆,1,10,11
锦州,潍坊,1,33,34
锦州,宁波,1,32,33
锦州,鹰潭,1,5,6
锦州,福州,2,32,34
锦州,重庆,2,35,37
锦州,荆州,1,5,6
锦州,南充,1,12,13
锦州,西宁,1,6,7
锦州,拉萨,1,4,5
长春,湖州,3,75,78
哈尔滨,常德,4,115,119
哈尔滨,西宁,2,80,82
哈尔滨,拉萨,1,39,40
上海,潍坊,44,678,722
无锡,深圳,76,607,683
连云港,阿克苏,2,10,12
潍坊,淮安,3,40,43
潍坊,荆州,3,39,42
潍坊,阿克苏,3,39,42
烟台,无锡,6,137,143
烟台,芜湖,3,77,80
烟台,赣州,3,61,64
烟台,荆州,2,33,35
烟台,南宁,4,105,109
烟台,喀什,1,3,4
青岛,荆州,3,44,47
济宁,安庆,6,123,129
济宁,昆明,8,171,179
临沂,鹰潭,4,46,50
临沂,大理州,3,27,30
义乌,连云港,128,1059,1187
义乌,扬州,125,1031,1156
义乌,烟台,200,1651,1851
义乌,西宁,15,124,139
义乌,乌鲁木齐,54,442,496
义乌,喀什,3,20,23
鹰潭,连云港,3,27,30
鹰潭,淮安,2,17,19
鹰潭,喀什,1,8,9
赣州,呼和浩特,5,411,416
赣州,包头,2,134,136
赣州,苏州,5,420,425
赣州,淮安,1,68,69
赣州,盐城,2,115,117
赣州,济宁,3,184,187
赣州,鹰潭,2,124,126
赣州,东莞,7,586,593
赣州,内江,1,51,52
赣州,兰州,4,311,315
赣州,喀什,1,15,16
泉州,内江,3,103,106
常德,太原,6,108,114
常德,侯马,3,52,55
常德,安庆,2,39,41
常德,襄阳,4,61,65
常德,洛阳,3,50,53
衡阳,连云港,4,116,120
衡阳,湖州,5,144,149
衡阳,阿克苏,3,78,81
武汉,喀什,7,126,133
荆州,包头,4,41,45
荆州,唐山,5,49,54
荆州,潍坊,6,59,65
荆州,鹰潭,4,37,41
襄阳,包头,3,42,45
襄阳,义乌,3,59,62
襄阳,鹰潭,3,68,71
襄阳,荆州,3,45,48
漯河,喀什,1,22,23
深圳,连云港,29,94,123
深圳,泉州,85,275,360
深圳,衡阳,86,278,364
深圳,宝鸡,10,32,42
东莞,苏州,96,521,617
东莞,台州,40,213,253
东莞,喀什,6,28,34
东莞,拉萨,17,88,105
湛江,盐城,3,72,75
湛江,荆州,2,47,49
湛江,乌鲁木齐,3,66,69
南宁,唐山,4,316,320
南宁,连云港,3,180,183
南宁,安庆,4,326,330
南宁,嘉兴,5,396,401
南宁,赣州,5,434,439
南宁,喀什,1,21,22
柳州,太原,2,79,81
柳州,济宁,1,25,26
贵阳,淮安,1,29,30
海口,锦州,1,12,13
海口,芜湖,2,18,20
海口,安庆,1,17,18
海口,烟台,2,17,19
海口,大理州,2,17,19
海口,银川,1,12,13
成都,宝鸡,7,176,183
成都,喀什,2,84,86
南充,锦州,2,42,44
南充,无锡,4,59,63
南充,淮安,2,15,17
南充,安庆,3,37,40
南充,荆州,2,22,24
内江,锦州,1,18,19
内江,长春,2,62,64
内江,芜湖,1,29,30
内江,安庆,1,30,31
内江,潍坊,1,34,35
内江,嘉兴,1,38,39
内江,台州,1,37,38
内江,温州,2,52,54
内江,衡阳,2,49,51
内江,深圳,4,140,144
内江,中山,3,93,96
内江,南宁,3,129,132
内江,乌鲁木齐,1,18,19
昆明,安庆,5,104,109
大理州,济宁,1,29,30
大理州,荆州,1,17,18
大理州,信阳,2,48,50
大理州,洛阳,2,45,47
大理州,中山,3,117,120
宝鸡,保定,1,87,88
宝鸡,上海,4,814,818
宝鸡,蚌埠,1,98,99
宝鸡,嘉兴,1,100,101
宝鸡,温州,1,175,176
宝鸡,鹰潭,1,47,48
宝鸡,武汉,3,559,562
宝鸡,深圳,3,675,678
兰州,石家庄,4,119,123
兰州,大连,2,71,73
兰州,哈尔滨,6,158,164
兰州,上海,11,387,398
兰州,南京,5,169,174
兰州,合肥,3,88,91
兰州,芜湖,1,34,35
兰州,临沂,2,38,40
兰州,金华,2,66,68
兰州,赣州,2,32,34
兰州,湛江,2,53,55
兰州,贵阳,4,101,105
兰州,大理州,1,27,28
银川,大连,2,21,23
银川,常州,2,22,24
银川,扬州,1,11,12
银川,鹰潭,1,6,7
银川,汕头,3,30,33
西宁,锦州,1,12,13
西宁,扬州,1,8,9
西宁,青岛,1,43,44
西宁,金华,1,19,20
西宁,鹰潭,1,6,7
西宁,常德,1,12,13
西宁,中山,1,20,21
西宁,海口,1,15,16
西宁,成都,5,185,190
西宁,内江,1,5,6
西宁,银川,2,41,43
乌鲁木齐,太原,2,93,95
乌鲁木齐,石家庄,2,122,124
乌鲁木齐,南通,1,55,56
乌鲁木齐,济南,4,216,220
乌鲁木齐,济宁,1,34,35
乌鲁木齐,常德,1,34,35
乌鲁木齐,内江,1,23,24
乌鲁木齐,西宁,1,57,58
阿克苏,包头,1,2,3
阿克苏,侯马,1,10,11
阿克苏,沈阳,1,26,27
阿克苏,扬州,1,4,5
阿克苏,济宁,1,5,6
阿克苏,宁波,1,12,13
阿克苏,福州,1,14,15
阿克苏,中山,1,12,13
阿克苏,贵阳,1,17,18
阿克苏,海口,1,6,7
阿克苏,宝鸡,1,6,7
阿克苏,拉萨,1,5,6
喀什,大连,1,3,4
喀什,徐州,1,10,11
喀什,扬州,1,1,2
喀什,烟台,1,2,3
喀什,荆州,1,2,3
喀什,郑州,1,16,17
喀什,漯河,1,8,9
喀什,深圳,1,9,10
喀什,湛江,1,1,2
喀什,柳州,1,3,4
喀什,阿克苏,1,16,17
拉萨,廊坊,1,2,3
拉萨,北京,1,32,33
拉萨,无锡,1,2,3
拉萨,蚌埠,1,3,4
拉萨,宁波,1,3,4
拉萨,长沙,2,28,30
拉萨,襄阳,1,3,4
拉萨,广州,1,37,38
拉萨,昆明,1,28,29
拉萨,大理州,1,8,9
南京,扬州,83,1007,1090
南京,盐城,81,1001,1082
南京,南通,134,1570,1704
苏州,南京,251,1989,2240
连云港,常州,50,314,364
淮安,常州,51,521,572
徐州,扬州,54,870,924
徐州,常州,122,2156,2278
徐州,无锡,110,2006,2116
扬州,无锡,37,399,436
扬州,南京,72,782,854
南通,淮安,19,353,372
南通,连云港,25,528,553
济南,济宁,157,1637,1794
杭州,台州,326,716,1042
嘉兴,温州,135,391,526
温州,嘉兴,131,498,629
泉州,福州,146,4393,4539
郑州,漯河,183,2775,2958
广州,广州,804,9630,10434
石家庄,长春,206,2420,2626
石家庄,侯马,123,1364,1487
石家庄,哈尔滨,269,3152,3421
石家庄,济南,332,3937,4269
石家庄,襄阳,45,484,529
天津,哈尔滨,67,2224,2291
廊坊,天津,64,615,679
廊坊,哈尔滨,65,581,646
廊坊,徐州,17,157,174
廊坊,济南,57,518,575
廊坊,福州,28,236,264
廊坊,漯河,21,156,177
廊坊,昆明,26,251,277
廊坊,西安,61,544,605
保定,中山,36,270,306
保定,青岛,76,646,722
保定,兰州,60,490,550
保定,南昌,52,423,475
沈阳,徐州,60,429,489
沈阳,郑州,102,785,887
沈阳,洛阳,31,217,248
沈阳,昆明,48,393,441
长春,天津,43,1221,1264
长春,北京,65,1939,2004
长春,郑州,29,617,646
南京,沈阳,196,2295,2491
南京,天津,158,1961,2119
南京,襄阳,40,456,496
扬州,中山,33,345,378
扬州,贵阳,67,642,709
无锡,武汉,144,1102,1246
无锡,贵阳,66,476,542
无锡,北京,171,1371,1542
无锡,郑州,118,915,1033
无锡,洛阳,39,294,333
无锡,中山,45,332,377
无锡,湛江,20,148,168
无锡,南充,31,203,234
苏州,宁波,123,1029,1152
苏州,石家庄,117,947,1064
苏州,芜湖,57,430,487
苏州,郑州,159,1246,1405
苏州,银川,48,371,419
苏州,西宁,23,180,203
苏州,乌鲁木齐,111,873,984
徐州,天津,196,3802,3998
徐州,哈尔滨,177,3249,3426
徐州,沈阳,224,4214,4438
徐州,汕头,105,1807,1912
连云港,沈阳,96,650,746
连云港,芜湖,17,108,125
连云港,济南,113,756,869
连云港,杭州,48,353,401
连云港,福州,51,342,393
连云港,漯河,39,262,301
连云港,海口,36,270,306
连云港,成都,86,590,676
淮安,杭州,47,507,554
徐州,蚌埠,106,1932,2038
徐州,襄阳,49,865,914
盐城,锦州,14,59,73
盐城,常州,64,348,412
盐城,贵阳,45,233,278
盐城,沈阳,58,344,402
盐城,青岛,59,339,398
盐城,武汉,66,393,459
扬州,哈尔滨,57,568,625
扬州,侯马,23,211,234
扬州,青岛,40,433,473
常州,西安,244,2433,2677
常州,太原,145,1500,1645
常州,蚌埠,93,941,1034
南通,锦州,16,337,353
南通,侯马,20,413,433
南通,合肥,70,1612,1682
南通,厦门,44,949,993
南通,郑州,85,1938,2023
南通,信阳,38,796,834
南通,广州,187,4284,4471
南通,贵阳,52,1117,1169
合肥,锦州,62,612,674
合肥,太原,215,2271,2486
合肥,常州,95,972,1067
合肥,济南,369,3893,4262
合肥,郑州,329,3559,3888
安庆,天津,122,1237,1359
安庆,常州,63,651,714
安庆,济南,186,1852,2038
安庆,青岛,84,872,956
安庆,襄阳,31,291,322
安庆,中山,92,932,1024
安庆,成都,212,2050,2262
蚌埠,石家庄,165,1694,1859
蚌埠,武汉,203,2145,2348
蚌埠,信阳,106,1099,1205
蚌埠,柳州,73,718,791
南京,昆明,114,1429,1543
芜湖,南昌,66,789,855
安庆,鹰潭,24,213,237
济南,锦州,82,878,960
济南,青岛,298,3347,3645
杭州,锦州,100,222,322
杭州,沈阳,546,1236,1782
杭州,侯马,204,455,659
杭州,徐州,353,818,1171
杭州,芜湖,158,354,512
杭州,安庆,137,303,440
杭州,青岛,353,822,1175
杭州,武汉,670,1530,2200
杭州,西安,653,1526,2179
湖州,哈尔滨,187,504,691
湖州,福州,153,401,554
湖州,武汉,192,522,714
湖州,湛江,89,236,325
湖州,贵阳,371,999,1370
嘉兴,常州,76,232,308
嘉兴,厦门,80,239,319
嘉兴,乌鲁木齐,95,289,384
宁波,锦州,36,277,313
宁波,常州,83,669,752
宁波,青岛,135,1113,1248
宁波,鹰潭,31,238,269
宁波,南宁,188,1561,1749
宁波,南充,73,557,630
宁波,银川,60,463,523
台州,呼和浩特,99,336,435
台州,济南,466,1667,2133
台州,昆明,260,954,1214
金华,沈阳,579,4329,4908
金华,北京,743,5881,6624
金华,徐州,381,2944,3325
金华,合肥,500,3904,4404
金华,南昌,487,3580,4067
金华,襄阳,116,856,972
金华,漯河,292,2167,2459
金华,银川,147,1090,1237
金华,大理州,86,627,713
温州,天津,167,702,869
温州,北京,189,791,980
温州,长沙,307,1267,1574
温州,南充,80,285,365
温州,西安,266,1041,1307
温州,锦州,36,136,172
温州,芜湖,68,263,331
南昌,石家庄,153,1688,1841
南昌,郑州,212,2366,2578
南昌,南宁,170,1990,2160
南昌,武汉,225,3257,3482
鹰潭,石家庄,27,232,259
福州,汕头,80,893,973
福州,南昌,101,1298,1399
泉州,太原,35,1111,1146
泉州,北京,68,2291,2359
泉州,徐州,29,860,889
泉州,常州,21,610,631
泉州,漯河,25,680,705
泉州,成都,93,3006,3099
重庆,北京,79,3157,3236
重庆,常州,20,672,692
重庆,济南,59,2083,2142
重庆,衡阳,25,933,958
重庆,武汉,77,2792,2869
重庆,南宁,69,2563,2632
重庆,大理州,19,611,630
重庆,兰州,38,1389,1427
长沙,银川,76,1129,1205
长沙,徐州,94,1483,1577
长沙,柳州,104,1661,1765
衡阳,广州,116,3586,3702
衡阳,贵阳,52,1448,1500
武汉,广州,501,10898,11399
武汉,常州,68,1385,1453
武汉,长沙,346,7184,7530
武汉,郑州,238,4903,5141
武汉,漯河,93,1811,1904
武汉,贵阳,184,3660,3844
郑州,天津,245,4605,4850
郑州,济南,414,7210,7624
郑州,中山,148,2497,2645
郑州,北京,431,8367,8798
洛阳,济南,187,1808,1995
洛阳,广州,218,2636,2854
洛阳,信阳,74,682,756
洛阳,沈阳,144,1517,1661
洛阳,徐州,57,579,636
洛阳,厦门,47,573,620
洛阳,汕头,50,576,626
漯河,锦州,13,330,343
漯河,广州,84,2098,2182
郑州,沈阳,316,5593,5909
郑州,长春,242,4236,4478
郑州,长沙,291,5385,5676
郑州,兰州,136,2446,2582
广州,锦州,41,396,437
广州,昆明,209,2155,2364
广州,乌鲁木齐,365,3473,3838
广州,阿克苏,89,831,920
汕头,侯马,25,175,200
汕头,石家庄,48,330,378
汕头,北京,50,443,493
汕头,金华,18,125,143
汕头,武汉,57,550,607
汕头,郑州,57,404,461
汕头,信阳,30,199,229
贵阳,广州,38,1032,1070
成都,合肥,45,1067,1112
昆明,成都,79,1668,1747
石家庄,苏州,121,1468,1589
石家庄,济宁,61,728,789
石家庄,南通,47,549,596
石家庄,台州,43,498,541
石家庄,连云港,28,327,355
天津,唐山,25,684,709
天津,大连,18,635,653
天津,合肥,22,685,707
天津,蚌埠,14,442,456
天津,宁波,14,444,458
天津,温州,12,363,375
天津,漯河,21,666,687
天津,东莞,16,479,495
天津,湛江,8,230,238
天津,成都,43,1557,1600
唐山,上海,11,148,159
唐山,济南,17,220,237
唐山,杭州,8,98,106
唐山,厦门,5,54,59
唐山,长沙,9,99,108
唐山,中山,4,49,53
北京,上海,66,1568,1634
北京,天津,71,1679,1750
北京,长沙,56,1217,1273
北京,郑州,65,1463,1528
廊坊,上海,33,332,365
廊坊,烟台,12,112,124
廊坊,长沙,44,396,440
廊坊,常德,8,80,88
廊坊,衡阳,12,111,123
保定,南通,17,137,154
保定,温州,26,197,223
保定,衡阳,26,206,232
保定,扬州,10,69,79
保定,荆州,7,58,65
北京,深圳,32,740,772
北京,唐山,17,375,392
沈阳,济宁,31,250,281
沈阳,湖州,14,104,118
沈阳,襄阳,13,90,103
沈阳,海口,35,283,318
长春,唐山,13,360,373
长春,大连,24,685,709
长春,南宁,14,302,316
哈尔滨,侯马,15,426,441
哈尔滨,石家庄,36,998,1034
哈尔滨,保定,15,454,469
哈尔滨,南京,19,524,543
哈尔滨,东莞,14,400,414
哈尔滨,海口,14,406,420
哈尔滨,昆明,18,583,601
哈尔滨,银川,10,278,288
南京,大连,47,573,620
南京,上海,468,6291,6759
南京,临沂,44,528,572
南京,台州,60,723,783
扬州,盐城,22,221,243
扬州,潍坊,16,172,188
淮安,青岛,19,165,184
常州,台州,52,528,580
常州,昆明,114,1166,1280
无锡,大理州,12,87,99
苏州,东莞,74,621,695
苏州,保定,39,316,355
苏州,临沂,39,307,346
徐州,嘉兴,56,1019,1075
徐州,衡阳,77,1416,1493
连云港,济宁,23,168,191
连云港,温州,25,179,204
连云港,鹰潭,8,52,60
淮安,银川,12,108,120
淮安,蚌埠,16,165,181
盐城,太原,35,195,230
盐城,深圳,50,299,349
盐城,南充,19,97,116
盐城,大理州,10,46,56
常州,拉萨,10,93,103
南通,包头,11,251,262
南通,上海,228,5467,5695
南通,济宁,19,400,419
南通,义乌,12,281,293
南通,荆州,8,168,176
合肥,烟台,69,748,817
合肥,衡阳,90,984,1074
合肥,深圳,211,2316,2527
安庆,廊坊,22,230,252
安庆,常德,31,319,350
蚌埠,唐山,45,469,514
蚌埠,保定,50,528,578
蚌埠,上海,236,2676,2912
蚌埠,苏州,107,1143,1250
蚌埠,临沂,50,530,580
蚌埠,台州,39,386,425
蚌埠,泉州,61,652,713
蚌埠,东莞,102,1096,1198
蚌埠,盐城,32,327,359
蚌埠,义乌,17,160,177
芜湖,长春,51,568,619
芜湖,天津,63,752,815
芜湖,漯河,32,361,393
芜湖,大连,22,265,287
芜湖,南充,27,314,341
安庆,深圳,113,1237,1350
济南,侯马,117,1220,1337
济南,合肥,137,1517,1654
济南,兰州,204,2274,2478
济南,泉州,59,690,749
潍坊,杭州,24,355,379
潍坊,东莞,14,198,212
潍坊,银川,12,165,177
潍坊,无锡,11,155,166
潍坊,合肥,17,243,260
潍坊,金华,9,134,143
青岛,长春,32,474,506
青岛,福州,27,360,387
青岛,深圳,28,398,426
青岛,蚌埠,14,196,210
青岛,泉州,12,148,160
青岛,洛阳,14,192,206
青岛,海口,11,135,146
济宁,石家庄,28,589,617
济宁,苏州,18,369,387
济宁,中山,16,300,316
临沂,金华,11,126,137
临沂,成都,50,600,650
临沂,大连,11,134,145
杭州,无锡,236,555,791
杭州,连云港,98,224,322
杭州,淮安,67,151,218
杭州,南通,171,404,575
杭州,潍坊,170,399,569
杭州,济宁,158,373,531
杭州,义乌,135,308,443
杭州,赣州,116,267,383
杭州,重庆,341,825,1166
杭州,拉萨,39,92,131
湖州,扬州,25,65,90
湖州,临沂,57,154,211
湖州,义乌,30,77,107
湖州,重庆,144,398,542
嘉兴,唐山,32,96,128
嘉兴,保定,38,118,156
嘉兴,连云港,30,90,120
嘉兴,泉州,54,175,229
宁波,临沂,62,514,576
宁波,常德,51,419,470
宁波,深圳,163,1401,1564
宁波,义乌,40,329,369
宁波,喀什,4,27,31
台州,潍坊,100,366,466
台州,重庆,196,734,930
金华,赣州,128,965,1093
金华,重庆,352,2757,3109
金华,常德,116,884,1000
金华,西宁,41,293,334
金华,拉萨,33,223,256
温州,苏州,194,849,1043
温州,重庆,144,622,766
温州,大连,44,179,223
温州,盐城,56,232,288
温州,临沂,61,259,320
温州,拉萨,15,55,70
南昌,厦门,107,1359,1466
南昌,南充,73,796,869
南昌,大连,40,397,437
南昌,连云港,26,308,334
南昌,常德,44,541,585
鹰潭,锦州,9,62,71
鹰潭,长春,20,187,207
鹰潭,天津,24,219,243
鹰潭,泉州,11,99,110
鹰潭,武汉,30,290,320
鹰潭,唐山,7,61,68
鹰潭,潍坊,7,66,73
鹰潭,汕头,12,107,119
福州,苏州,66,875,941
福州,宁波,54,745,799
福州,太原,73,776,849
福州,衡阳,43,532,575
福州,成都,133,1782,1915
福州,蚌埠,37,453,490
福州,烟台,26,292,318
福州,临沂,25,262,287
福州,南通,25,335,360
福州,湖州,16,204,220
厦门,太原,25,783,808
厦门,北京,54,1878,1932
厦门,南宁,38,1188,1226
泉州,南通,16,434,450
泉州,廊坊,8,220,228
泉州,连云港,8,248,256
泉州,义乌,7,210,217
泉州,西宁,8,242,250
厦门,蚌埠,21,598,619
厦门,台州,18,513,531
厦门,柳州,17,447,464
厦门,南充,16,480,496
厦门,嘉兴,18,519,537
重庆,上海,73,2949,3022
重庆,南通,13,469,482
重庆,拉萨,4,120,124
长沙,无锡,64,959,1023
长沙,芜湖,48,686,734
长沙,济宁,46,714,760
长沙,喀什,8,79,87
长沙,义乌,33,457,490
常德,无锡,8,126,134
衡阳,太原,24,637,661
衡阳,保定,9,239,248
衡阳,柳州,21,499,520
衡阳,大理州,12,329,341
武汉,大连,48,1044,1092
武汉,连云港,23,474,497
武汉,荆州,50,875,925
荆州,南京,19,169,188
荆州,宁波,16,150,166
荆州,厦门,17,146,163
荆州,汕头,20,154,174
荆州,贵阳,22,208,230
荆州,昆明,21,182,203
荆州,信阳,13,107,120
荆州,衡阳,12,106,118
荆州,漯河,12,94,106
襄阳,太原,23,509,532
襄阳,保定,8,128,136
襄阳,大连,8,147,155
襄阳,盐城,6,110,116
襄阳,蚌埠,8,156,164
襄阳,芜湖,8,137,145
襄阳,湖州,5,103,108
襄阳,长沙,25,474,499
郑州,苏州,149,2793,2942
郑州,唐山,72,1282,1354
郑州,保定,92,1611,1703
郑州,无锡,78,1377,1455
郑州,包头,38,706,744
郑州,义乌,26,448,474
洛阳,保定,47,474,521
洛阳,大连,32,322,354
洛阳,温州,39,445,484
洛阳,赣州,22,248,270
洛阳,重庆,82,974,1056
洛阳,东莞,65,777,842
洛阳,海口,23,146,169
洛阳,大理州,18,99,117
洛阳,扬州,16,161,177
漯河,北京,68,1873,1941
漯河,南充,18,421,439
漯河,太原,37,1007,1044
漯河,侯马,22,554,576
漯河,衡阳,16,424,440
信阳,呼和浩特,34,441,475
信阳,沈阳,62,852,914
信阳,徐州,24,305,329
信阳,兰州,29,381,410
信阳,杭州,36,513,549
信阳,福州,35,420,455
信阳,厦门,23,280,303
信阳,重庆,33,485,518
信阳,漯河,31,377,408
信阳,汕头,22,285,307
信阳,南充,19,231,250
郑州,扬州,32,599,631
郑州,内江,16,281,297
郑州,大理州,32,525,557
广州,侯马,74,683,757
广州,唐山,44,415,459
广州,长春,155,1495,1650
广州,苏州,124,1235,1359
广州,青岛,114,1163,1277
广州,衡阳,98,1027,1125
广州,海口,159,1597,1756
广州,大理州,51,478,529
广州,东莞,237,2722,2959
广州,济宁,42,402,444
广州,台州,49,469,518
广州,芜湖,40,377,417
汕头,保定,23,157,180
汕头,长春,33,251,284
汕头,蚌埠,18,128,146
汕头,鹰潭,10,76,86
汕头,西宁,8,48,56
广州,烟台,45,451,496
湛江,太原,10,246,256
湛江,北京,19,470,489
湛江,沈阳,15,371,386
湛江,上海,21,544,565
湛江,泉州,9,227,236
湛江,长沙,24,590,614
湛江,保定,5,104,109
湛江,潍坊,4,97,101
湛江,嘉兴,5,127,132
中山,苏州,40,541,581
中山,包头,8,88,96
中山,侯马,27,282,309
中山,廊坊,11,118,129
贵阳,金华,9,191,200
贵阳,福州,13,305,318
贵阳,成都,31,791,822
海口,上海,8,114,122
海口,苏州,4,51,55
海口,济南,5,73,78
海口,南昌,6,79,85
海口,福州,5,66,71
海口,昆明,5,77,82
成都,银川,40,902,942
成都,西宁,8,199,207
成都,太原,51,1164,1215
成都,南京,47,1159,1206
成都,海口,56,1443,1499
成都,大连,21,439,460
成都,锦州,25,598,623
成都,安庆,14,342,356
成都,临沂,17,408,425
成都,漯河,32,682,714
昆明,北京,60,1221,1281
昆明,沈阳,37,721,758
昆明,长春,23,466,489
昆明,苏州,21,422,443
昆明,济南,30,598,628
昆明,青岛,19,376,395
昆明,深圳,37,819,856
昆明,漯河,12,186,198
西安,南充,39,1329,1368
西安,包头,12,430,442
西安,长春,37,1707,1744
西安,海口,31,1685,1716
呼和浩特,银川,10,272,282
呼和浩特,呼和浩特,56,1577,1633
厦门,芜湖,12,378,390
柳州,广州,28,1344,1372
呼和浩特,石家庄,13,331,344
呼和浩特,北京,25,743,768
呼和浩特,锦州,8,216,224
呼和浩特,长春,12,328,340
呼和浩特,南昌,6,149,155
呼和浩特,合肥,5,141,146
天津,芜湖,7,238,245
天津,内江,3,59,62
沈阳,内江,4,27,31
长春,乌鲁木齐,10,319,329
长春,台州,5,124,129
长春,金华,6,153,159
哈尔滨,包头,6,200,206
芜湖,连云港,9,106,115
芜湖,台州,16,200,216
芜湖,襄阳,16,199,215
济南,鹰潭,20,236,256
青岛,大连,13,192,205
青岛,赣州,6,83,89
青岛,常德,8,102,110
青岛,衡阳,11,137,148
福州,包头,10,143,153
厦门,廊坊,6,161,167
厦门,常德,10,321,331
衡阳,大连,7,211,218
常德,常德,8,194,202
常德,中山,12,204,216
漯河,连云港,7,185,192
信阳,鹰潭,7,72,79
广州,盐城,29,286,315
广州,湖州,25,256,281
中山,大理州,14,159,173
汕头,淮安,4,27,31
中山,淮安,6,69,75
中山,鹰潭,8,107,115
南宁,北京,32,2635,2667
南宁,汕头,18,1399,1417
南宁,中山,25,1944,1969
柳州,汕头,5,191,196
柳州,中山,7,325,332
贵阳,侯马,4,88,92
贵阳,蚌埠,4,102,106
贵阳,湛江,4,91,95
南充,太原,10,150,160
南充,南京,9,101,110
南充,济南,14,199,213
南充,中山,11,148,159
南充,南充,17,306,323
大理州,上海,10,440,450
西安,连云港,8,294,302
西安,安庆,19,751,770
义乌,嘉兴,245,2005,2250
兰州,兰州,65,1495,1560
乌鲁木齐,喀什,6,235,241
廊坊,阿克苏,8,68,76
大连,长春,26,292,318
上海,天津,103,1601,1704
上海,北京,232,3605,3837
上海,成都,203,3064,3267
上海,南充,35,508,543
上海,昆明,92,1390,1482
烟台,锦州,4,88,92
烟台,武汉,18,469,487
烟台,中山,8,174,182
义乌,太原,444,3653,4097
义乌,侯马,255,2096,2351
义乌,常州,301,2485,2786
义乌,芜湖,184,1511,1695
义乌,安庆,166,1369,1535
义乌,郑州,1040,8579,9619
义乌,洛阳,315,2600,2915
义乌,成都,683,5615,6298
义乌,西安,636,5239,5875
赣州,杭州,8,534,542
赣州,厦门,5,361,366
赣州,中山,8,495,503
赣州,湛江,4,225,229
常德,石家庄,8,131,139
常德,合肥,7,119,126
衡阳,鹰潭,6,146,152
荆州,襄阳,5,48,53
荆州,湛江,9,91,100
深圳,沈阳,134,423,557
深圳,襄阳,33,102,135
深圳,信阳,62,196,258
深圳,阿克苏,30,93,123
东莞,北京,198,1070,1268
东莞,青岛,93,497,590
东莞,杭州,105,568,673
东莞,福州,151,803,954
湛江,锦州,3,69,72
海口,海口,8,140,148
南充,侯马,5,76,81
昆明,芜湖,8,123,131
兰州,西宁,25,432,457
兰州,乌鲁木齐,24,530,554
呼和浩特,芜湖,2,45,47
呼和浩特,嘉兴,2,67,69
呼和浩特,金华,3,69,72
包头,廊坊,1,5,6
包头,无锡,1,6,7
包头,扬州,1,2,3
包头,台州,1,5,6
包头,温州,1,7,8
包头,武汉,1,17,18
包头,襄阳,1,2,3
包头,漯河,1,5,6
包头,广州,2,36,38
包头,湛江,1,2,3
包头,柳州,1,3,4
包头,海口,1,4,5
太原,唐山,5,256,261
太原,大连,3,166,169
太原,安庆,2,121,123
太原,济宁,5,229,234
太原,金华,3,149,152
太原,荆州,2,68,70
太原,海口,4,198,202
太原,内江,1,27,28
太原,昆明,5,273,278
太原,阿克苏,2,55,57
太原,拉萨,1,26,27
侯马,呼和浩特,2,168,170
侯马,石家庄,3,288,291
侯马,常州,1,84,85
侯马,济南,4,370,374
侯马,义乌,1,35,36
侯马,温州,1,100,101
侯马,南昌,2,188,190
侯马,赣州,1,52,53
侯马,襄阳,1,57,58
侯马,汕头,2,131,133
唐山,扬州,2,16,18
唐山,义乌,2,18,20
唐山,衡阳,2,26,28
唐山,荆州,1,10,11
唐山,乌鲁木齐,4,49,53
唐山,喀什,1,2,3
廊坊,义乌,3,26,29
廊坊,喀什,2,17,19
北京,廊坊,11,252,263
北京,连云港,6,141,147
大连,太原,8,90,98
大连,北京,22,266,288
大连,徐州,3,37,40
大连,盐城,2,17,19
大连,济宁,3,32,35
大连,赣州,2,15,17
大连,柳州,3,27,30
大连,大理州,1,12,13
大连,西安,8,94,102
锦州,蚌埠,1,18,19
锦州,南昌,2,36,38
锦州,赣州,1,8,9
锦州,衡阳,1,14,15
锦州,洛阳,1,30,31
长春,荆州,2,31,33
长春,宝鸡,2,42,44
哈尔滨,义乌,5,152,157
哈尔滨,内江,2,34,36
上海,廊坊,17,264,281
上海,淮安,13,196,209
上海,温州,68,1059,1127
上海,重庆,107,1670,1777
上海,常德,20,298,318
上海,荆州,13,199,212
徐州,喀什,2,35,37
淮安,廊坊,3,35,38
淮安,西宁,3,35,38
蚌埠,喀什,2,12,14
芜湖,内江,4,57,61
潍坊,连云港,4,63,67
潍坊,义乌,3,46,49
烟台,保定,4,104,108
烟台,大连,6,151,157
烟台,上海,27,712,739
烟台,南昌,9,231,240
烟台,成都,15,377,392
烟台,内江,1,15,16
烟台,乌鲁木齐,3,59,62
青岛,淮安,3,51,54
济宁,南通,6,130,136
济宁,内江,2,35,37
临沂,湖州,5,59,64
临沂,柳州,3,39,42
临沂,昆明,9,109,118
湖州,内江,13,36,49
义乌,大连,144,1190,1334
义乌,苏州,573,4741,5314
义乌,淮安,88,726,814
义乌,南通,211,1745,1956
义乌,临沂,248,2051,2299
义乌,泉州,289,2392,2681
义乌,内江,32,259,291
鹰潭,扬州,3,25,28
鹰潭,南通,4,42,46
赣州,上海,10,775,785
赣州,芜湖,2,139,141
赣州,义乌,2,92,94
赣州,常德,2,137,139
赣州,大理州,2,157,159
常德,海口,10,185,195
常德,乌鲁木齐,3,41,44
衡阳,廊坊,4,124,128
衡阳,烟台,6,188,194
衡阳,喀什,1,17,18
武汉,内江,12,288,300
荆州,义乌,4,34,38
荆州,赣州,6,64,70
襄阳,西宁,1,19,20
漯河,拉萨,3,81,84
洛阳,拉萨,4,24,28
深圳,唐山,27,85,112
深圳,上海,209,679,888
深圳,盐城,39,124,163
深圳,芜湖,29,92,121
深圳,嘉兴,44,142,186
深圳,台州,54,174,228
深圳,鹰潭,20,64,84
东莞,唐山,34,181,215
东莞,泉州,79,428,507
湛江,廊坊,2,54,56
湛江,淮安,2,38,40
湛江,扬州,2,55,57
中山,喀什,2,30,32
南宁,盐城,4,273,277
南宁,潍坊,4,332,336
南宁,临沂,4,275,279
南宁,内江,2,141,143
南宁,西宁,1,75,76
柳州,侯马,1,39,40
柳州,徐州,2,57,59
柳州,南通,1,37,38
柳州,芜湖,1,36,37
柳州,安庆,1,36,37
柳州,鹰潭,1,21,22
柳州,信阳,2,75,77
海口,蚌埠,2,25,27
海口,济宁,1,14,15
海口,湖州,1,12,13
海口,泉州,3,33,36
海口,信阳,2,33,35
海口,南充,2,30,32
海口,内江,1,6,7
海口,宝鸡,1,6,7
海口,西宁,1,5,6
成都,鹰潭,8,214,222
南充,湖州,3,32,35
南充,宝鸡,2,33,35
内江,南京,2,77,79
内江,合肥,2,87,89
内江,临沂,1,30,31
内江,义乌,1,18,19
内江,长沙,4,157,161
内江,常德,1,36,37
内江,昆明,3,130,133
内江,大理州,1,28,29
内江,宝鸡,1,9,10
内江,银川,1,32,33
内江,阿克苏,1,3,4
昆明,唐山,5,112,117
昆明,连云港,3,55,58
大理州,淮安,1,11,12
大理州,芜湖,1,30,31
大理州,湖州,1,24,25
大理州,温州,2,57,59
大理州,鹰潭,1,16,17
大理州,兰州,2,58,60
大理州,乌鲁木齐,2,42,44
大理州,喀什,1,2,3
宝鸡,唐山,1,68,69
宝鸡,廊坊,1,61,62
宝鸡,长春,2,240,242
宝鸡,济宁,1,71,72
宝鸡,常德,1,59,60
宝鸡,漯河,1,140,141
宝鸡,广州,7,1394,1401
宝鸡,湛江,1,160,161
宝鸡,昆明,2,235,237
宝鸡,乌鲁木齐,1,97,98
宝鸡,喀什,1,3,4
兰州,唐山,1,32,33
兰州,长春,4,114,118
兰州,常州,3,81,84
兰州,苏州,5,158,163
兰州,杭州,7,224,231
兰州,嘉兴,2,52,54
兰州,福州,6,162,168
兰州,荆州,1,15,16
兰州,洛阳,2,51,53
兰州,海口,3,71,74
兰州,昆明,5,153,158
银川,侯马,3,28,31
银川,蚌埠,2,21,23
银川,青岛,3,41,44
银川,临沂,1,13,14
银川,杭州,5,79,84
银川,宁波,3,31,34
银川,衡阳,2,21,23
银川,南宁,4,39,43
银川,南充,2,22,24
银川,昆明,4,46,50
银川,兰州,9,192,201
银川,乌鲁木齐,6,147,153
西宁,太原,2,52,54
西宁,盐城,1,7,8
西宁,济宁,1,15,16
西宁,汕头,1,10,11
西宁,深圳,2,42,44
乌鲁木齐,包头,1,17,18
乌鲁木齐,盐城,1,22,23
乌鲁木齐,青岛,3,132,135
乌鲁木齐,嘉兴,2,73,75
乌鲁木齐,重庆,5,277,282
乌鲁木齐,信阳,2,129,131
乌鲁木齐,广州,10,585,595
乌鲁木齐,贵阳,2,110,112
乌鲁木齐,海口,1,50,51
乌鲁木齐,大理州,1,26,27
阿克苏,保定,1,5,6
阿克苏,无锡,1,10,11
阿克苏,苏州,1,20,21
阿克苏,淮安,1,2,3
阿克苏,嘉兴,1,9,10
阿克苏,赣州,1,6,7
阿克苏,昆明,1,20,21
阿克苏,西安,1,90,91
阿克苏,银川,1,11,12
喀什,包头,1,1,2
喀什,唐山,1,1,2
喀什,长春,1,10,11
喀什,苏州,1,5,6
喀什,蚌埠,1,5,6
喀什,济南,1,14,15
喀什,湖州,1,1,2
喀什,金华,1,2,3
喀什,信阳,1,6,7
喀什,西安,1,33,34
喀什,拉萨,1,2,3
拉萨,保定,1,3,4
拉萨,长春,1,11,12
拉萨,扬州,1,2,3
拉萨,芜湖,1,2,3
拉萨,台州,1,3,4
拉萨,义乌,1,2,3
拉萨,赣州,1,1,2
拉萨,泉州,1,4,5
拉萨,东莞,1,7,8
拉萨,中山,1,6,7
拉萨,兰州,1,37,38
保定,北京,223,1986,2209
无锡,苏州,220,1737,1957
常州,徐州,167,1617,1784
苏州,淮安,38,242,280
徐州,连云港,52,838,890
南通,徐州,79,1734,1813
杭州,湖州,201,438,639
湖州,杭州,160,418,578
嘉兴,杭州,319,989,1308
嘉兴,台州,82,237,319
宁波,嘉兴,98,742,840
宁波,宁波,32,225,257
宁波,台州,99,778,877
金华,温州,420,3000,3420
汕头,汕头,45,367,412
成都,南充,165,4567,4732
石家庄,沈阳,297,3517,3814
石家庄,徐州,103,1178,1281
石家庄,成都,300,3555,3855
石家庄,宁波,81,978,1059
天津,郑州,47,1708,1755
廊坊,广州,73,639,712
廊坊,常州,12,103,115
廊坊,洛阳,15,138,153
廊坊,信阳,21,170,191
廊坊,贵阳,47,404,451
保定,乌鲁木齐,99,832,931
保定,呼和浩特,34,268,302
沈阳,呼和浩特,106,863,969
长春,哈尔滨,103,2929,3032
长春,济南,39,1015,1054
哈尔滨,沈阳,99,3228,3327
南京,福州,150,1805,1955
南京,武汉,244,3002,3246
南京,漯河,78,824,902
南京,湛江,44,476,520
南京,海口,91,1147,1238
扬州,徐州,53,518,571
无锡,信阳,43,319,362
无锡,沈阳,166,1253,1419
无锡,安庆,32,229,261
常州,汕头,101,981,1082
常州,中山,108,1052,1160
苏州,沈阳,167,1251,1418
苏州,福州,122,974,1096
苏州,长沙,167,1346,1513
苏州,襄阳,34,253,287
苏州,洛阳,50,370,420
苏州,中山,79,608,687
苏州,贵阳,142,1080,1222
徐州,青岛,140,2619,2759
徐州,南昌,177,3331,3508
徐州,长沙,256,4757,5013
徐州,南充,89,1394,1483
连云港,石家庄,70,489,559
连云港,天津,74,524,598
连云港,宁波,31,226,257
连云港,厦门,34,228,262
连云港,信阳,38,251,289
淮安,兰州,23,229,252
淮安,福州,23,233,256
淮安,武汉,41,428,469
徐州,大理州,38,632,670
盐城,广州,148,841,989
盐城,福州,46,248,294
扬州,太原,35,353,388
扬州,南昌,46,493,539
常州,侯马,79,761,840
常州,武汉,253,2567,2820
常州,贵阳,157,1503,1660
常州,呼和浩特,77,713,790
常州,洛阳,93,936,1029
南通,天津,52,1162,1214
南通,中山,52,1141,1193
南通,昆明,49,1073,1122
合肥,厦门,147,1562,1709
合肥,漯河,132,1374,1506
合肥,信阳,151,1559,1710
合肥,柳州,91,904,995
安庆,沈阳,168,1707,1875
安庆,石家庄,121,1179,1300
安庆,杭州,126,1376,1502
安庆,郑州,160,1593,1753
安庆,广州,322,3514,3836
安庆,湛江,56,548,604
安庆,贵阳,179,1646,1825
安庆,西安,196,1938,2134
蚌埠,合肥,135,1373,1508
蚌埠,成都,234,2503,2737
蚌埠,宁波,74,764,838
芜湖,芜湖,22,231,253
济南,信阳,122,1253,1375
济南,广州,366,4472,4838
济南,成都,307,3709,4016
济南,呼和浩特,223,2287,2510
潍坊,济南,70,1054,1124
潍坊,漯河,16,201,217
临沂,北京,72,910,982
济宁,西安,48,1012,1060
杭州,北京,651,1533,2184
杭州,济南,813,1869,2682
杭州,郑州,723,1672,2395
杭州,汕头,233,544,777
杭州,湛江,157,364,521
杭州,海口,210,509,719
杭州,成都,700,1616,2316
杭州,南充,161,353,514
杭州,西宁,50,117,167
湖州,南京,90,241,331
湖州,南宁,252,690,942
嘉兴,北京,121,383,504
嘉兴,合肥,106,323,429
嘉兴,福州,127,379,506
嘉兴,襄阳,37,105,142
嘉兴,锦州,26,75,101
嘉兴,银川,44,126,170
宁波,哈尔滨,181,1458,1639
宁波,合肥,137,1136,1273
宁波,芜湖,52,387,439
宁波,厦门,128,1016,1144
宁波,贵阳,191,1547,1738
宁波,乌鲁木齐,66,550,616
台州,太原,195,685,880
台州,安庆,82,287,369
台州,青岛,220,803,1023
台州,衡阳,115,417,532
台州,襄阳,70,235,305
台州,郑州,379,1374,1753
台州,广州,771,2834,3605
台州,湛江,112,403,515
台州,柳州,95,326,421
台州,贵阳,336,1195,1531
台州,乌鲁木齐,86,313,399
金华,安庆,152,1130,1282
金华,贵阳,463,3409,3872
温州,石家庄,187,774,961
温州,沈阳,216,831,1047
温州,厦门,176,744,920
温州,昆明,179,716,895
南昌,湛江,65,721,786
南昌,乌鲁木齐,125,843,968
南昌,哈尔滨,169,1575,1744
福州,厦门,112,1595,1707
福州,杭州,90,1338,1428
福州,信阳,46,466,512
泉州,中山,91,2833,2924
泉州,合肥,37,1155,1192
泉州,郑州,56,1749,1805
泉州,贵阳,61,1754,1815
泉州,昆明,39,1259,1298
厦门,广州,173,5749,5922
重庆,宁波,25,961,986
重庆,洛阳,18,596,614
重庆,南充,40,1364,1404
长沙,南京,122,1750,1872
长沙,南宁,244,4435,4679
常德,南京,14,227,241
常德,常州,9,124,133
衡阳,汕头,28,662,690
武汉,哈尔滨,172,3407,3579
武汉,福州,175,3789,3964
武汉,南充,79,1601,1680
荆州,广州,83,814,897
荆州,杭州,29,263,292
武汉,兰州,110,2115,2225
襄阳,南京,20,377,397
襄阳,杭州,26,546,572
武汉,太原,140,3152,3292
郑州,贵阳,242,4216,4458
洛阳,杭州,77,894,971
洛阳,南昌,82,925,1007
漯河,西安,65,1671,1736
郑州,徐州,131,2176,2307
郑州,湛江,86,1398,1484
广州,中山,316,3510,3826
汕头,洛阳,21,123,144
汕头,南宁,89,777,866
湛江,石家庄,13,302,315
湛江,济南,19,473,492
湛江,厦门,13,286,299
湛江,信阳,11,219,230
湛江,郑州,16,381,397
湛江,南宁,25,645,670
广州,哈尔滨,170,1805,1975
中山,西安,80,939,1019
成都,天津,60,1358,1418
石家庄,临沂,68,801,869
石家庄,盐城,41,459,500
石家庄,西宁,12,134,146
天津,上海,45,1712,1757
天津,潍坊,19,730,749
天津,烟台,18,734,752
天津,南昌,20,691,711
天津,汕头,13,382,395
天津,柳州,10,286,296
天津,南充,10,324,334
天津,昆明,19,677,696
唐山,大连,5,55,60
唐山,青岛,8,103,111
唐山,福州,6,76,82
唐山,泉州,4,37,41
唐山,汕头,4,43,47
唐山,东莞,5,56,61
唐山,南宁,5,48,53
唐山,西安,16,213,229
唐山,银川,5,52,57
北京,哈尔滨,74,1629,1703
北京,南京,35,728,763
北京,台州,13,239,252
北京,广州,70,1606,1676
廊坊,保定,21,206,227
廊坊,苏州,19,183,202
廊坊,盐城,8,61,69
廊坊,扬州,5,46,51
廊坊,温州,9,87,96
保定,大连,22,176,198
保定,嘉兴,16,124,140
北京,兰州,31,660,691
沈阳,上海,125,972,1097
沈阳,包头,31,250,281
沈阳,廊坊,37,290,327
沈阳,常州,39,283,322
沈阳,扬州,19,123,142
沈阳,厦门,32,242,274
沈阳,宝鸡,8,56,64
长春,呼和浩特,26,644,670
长春,徐州,12,277,289
长春,烟台,9,245,254
长春,济宁,9,196,205
长春,临沂,10,253,263
长春,杭州,17,426,443
长春,南昌,11,252,263
长春,赣州,4,69,73
长春,厦门,8,193,201
长春,长沙,18,397,415
长春,深圳,18,431,449
长春,湛江,6,92,98
长春,柳州,6,111,117
长春,海口,10,233,243
长春,银川,12,267,279
哈尔滨,蚌埠,10,253,263
哈尔滨,济南,50,1566,1616
哈尔滨,西安,30,986,1016
南京,乌鲁木齐,88,1058,1146
扬州,嘉兴,21,223,244
扬州,宁波,39,434,473
扬州,深圳,43,489,532
南京,义乌,27,316,343
淮安,南宁,22,208,230
常州,嘉兴,60,593,653
常州,深圳,142,1484,1626
无锡,上海,258,2107,2365
无锡,湖州,21,160,181
无锡,东莞,52,416,468
无锡,义乌,15,115,130
无锡,鹰潭,11,78,89
无锡,宝鸡,9,67,76
无锡,西宁,7,50,57
苏州,上海,507,4395,4902
苏州,宝鸡,14,102,116
徐州,上海,303,6079,6382
徐州,泉州,81,1557,1638
连云港,重庆,44,333,377
淮安,连云港,18,175,193
淮安,盐城,26,268,294
淮安,湛江,10,87,97
淮安,锦州,7,53,60
淮安,安庆,12,119,131
淮安,赣州,8,74,82
盐城,保定,19,96,115
盐城,淮安,17,84,101
盐城,扬州,27,144,171
盐城,临沂,22,120,142
盐城,赣州,13,63,76
盐城,衡阳,19,97,116
扬州,西宁,6,67,73
常州,鹰潭,28,277,305
南通,赣州,16,344,360
南通,泉州,30,674,704
南通,衡阳,26,566,592
南通,深圳,77,1811,1888
合肥,包头,41,443,484
合肥,鹰潭,37,382,419
合肥,赣州,62,661,723
合肥,泉州,101,1120,1221
合肥,重庆,204,2249,2453
合肥,荆州,30,303,333
合肥,兰州,138,1480,1618
安庆,包头,16,159,175
安庆,无锡,56,582,638
安庆,连云港,26,263,289
安庆,盐城,36,408,444
安庆,南通,40,441,481
安庆,台州,41,446,487
安庆,义乌,22,197,219
安庆,重庆,105,1069,1174
安庆,海口,30,298,328
蚌埠,芜湖,47,451,498
蚌埠,金华,53,532,585
蚌埠,鹰潭,26,235,261
蚌埠,昆明,66,719,785
蚌埠,宝鸡,20,201,221
芜湖,福州,55,664,719
芜湖,武汉,98,1252,1350
芜湖,东莞,49,621,670
芜湖,中山,45,527,572
芜湖,昆明,31,390,421
芜湖,济宁,17,209,226
芜湖,常德,17,193,210
安庆,阿克苏,5,45,50
济南,潍坊,137,1468,1605
济南,厦门,96,1012,1108
济南,深圳,149,1779,1928
济南,贵阳,215,2408,2623
济南,衡阳,55,630,685
潍坊,沈阳,40,633,673
潍坊,海口,13,179,192
潍坊,唐山,9,141,150
潍坊,大连,12,162,174
潍坊,徐州,15,212,227
潍坊,嘉兴,8,109,117
潍坊,温州,11,160,171
潍坊,安庆,6,84,90
潍坊,济宁,11,173,184
青岛,太原,29,412,441
青岛,沈阳,51,770,821
青岛,东莞,20,249,269
青岛,厦门,16,212,228
济宁,长春,29,590,619
济宁,南京,16,323,339
济宁,重庆,22,442,464
济宁,贵阳,30,662,692
临沂,南京,19,225,244
临沂,南通,9,97,106
临沂,重庆,27,325,352
临沂,西安,56,688,744
济南,芜湖,48,505,553
临沂,盐城,7,73,80
临沂,蚌埠,14,146,160
济宁,海口,6,127,133
杭州,廊坊,86,193,279
杭州,保定,147,347,494
杭州,临沂,162,378,540
杭州,泉州,197,467,664
杭州,东莞,317,771,1088
湖州,芜湖,40,105,145
湖州,安庆,38,100,138
湖州,南充,80,213,293
湖州,乌鲁木齐,51,136,187
嘉兴,苏州,142,465,607
嘉兴,临沂,50,154,204
嘉兴,鹰潭,22,65,87
嘉兴,常德,33,102,135
嘉兴,内江,9,23,32
宁波,廊坊,33,255,288
宁波,扬州,34,268,302
宁波,阿克苏,16,109,125
台州,大连,61,221,282
台州,济宁,88,321,409
台州,泉州,153,565,718
金华,无锡,248,1929,2177
金华,南通,190,1475,1665
金华,烟台,150,1168,1318
金华,宝鸡,46,341,387
温州,连云港,44,175,219
温州,烟台,61,256,317
温州,义乌,49,206,255
温州,赣州,59,242,301
南昌,海口,96,967,1063
南昌,潍坊,53,572,625
南昌,济宁,48,510,558
南昌,临沂,51,546,597
南昌,大理州,41,421,462
南昌,廊坊,26,309,335
南昌,拉萨,20,138,158
鹰潭,保定,10,79,89
鹰潭,哈尔滨,24,243,267
鹰潭,上海,41,397,438
鹰潭,蚌埠,11,98,109
鹰潭,洛阳,11,89,100
鹰潭,成都,37,388,425
鹰潭,宁波,12,106,118
福州,南京,59,856,915
福州,长沙,127,1838,1965
福州,东莞,78,1004,1082
福州,唐山,21,244,265
福州,芜湖,27,319,346
厦门,宁波,30,1006,1036
厦门,福州,103,3242,3345
厦门,长沙,52,1733,1785
厦门,西安,40,1343,1383
泉州,蚌埠,22,637,659
泉州,鹰潭,11,286,297
泉州,衡阳,23,684,707
泉州,深圳,110,3792,3902
泉州,芜湖,13,379,392
泉州,荆州,6,172,178
厦门,徐州,27,810,837
厦门,南通,15,416,431
重庆,温州,23,864,887
重庆,乌鲁木齐,20,745,765
重庆,保定,11,415,426
重庆,无锡,17,646,663
重庆,连云港,7,230,237
重庆,义乌,7,221,228
长沙,上海,257,3898,4155
长沙,连云港,30,445,475
长沙,安庆,48,734,782
常德,衡阳,12,215,227
常德,贵阳,16,296,312
常德,成都,22,433,455
衡阳,福州,30,841,871
衡阳,南宁,39,1098,1137
衡阳,蚌埠,12,314,326
衡阳,漯河,15,391,406
衡阳,常州,12,310,322
衡阳,南充,16,373,389
武汉,唐山,46,946,992
武汉,上海,310,7239,7549
武汉,温州,83,1699,1782
武汉,常德,63,1246,1309
武汉,衡阳,97,1955,2052
荆州,石家庄,20,179,199
荆州,福州,25,209,234
荆州,重庆,21,203,224
荆州,徐州,12,109,121
荆州,南通,7,64,71
荆州,柳州,10,89,99
襄阳,长春,25,586,611
襄阳,哈尔滨,39,894,933
襄阳,无锡,11,220,231
襄阳,扬州,6,111,117
襄阳,嘉兴,10,197,207
襄阳,台州,7,123,130
襄阳,温州,11,209,220
郑州,连云港,34,578,612
郑州,烟台,70,1220,1290
郑州,嘉兴,64,1106,1170
郑州,常德,61,1063,1124
郑州,海口,60,1094,1154
洛阳,苏州,69,775,844
洛阳,盐城,25,233,258
洛阳,安庆,22,239,261
洛阳,常德,27,280,307
洛阳,深圳,82,958,1040
漯河,昆明,41,998,1039
漯河,兰州,23,570,593
漯河,呼和浩特,29,722,751
漯河,徐州,22,532,554
漯河,西宁,5,100,105
漯河,南京,22,597,619
漯河,常州,16,356,372
漯河,潍坊,15,367,382
信阳,哈尔滨,65,878,943
信阳,郑州,67,924,991
信阳,蚌埠,19,245,264
信阳,南昌,37,461,498
郑州,淮安,21,382,403
郑州,阿克苏,17,272,289
广州,合肥,112,1101,1213
广州,临沂,49,471,520
广州,重庆,177,1796,1973
广州,漯河,78,744,822
广州,潍坊,46,440,486
汕头,唐山,15,111,126
汕头,宁波,18,144,162
汕头,温州,21,145,166
汕头,喀什,5,28,33
湛江,长春,12,272,284
湛江,苏州,11,274,285
湛江,杭州,16,393,409
湛江,金华,8,174,182
湛江,福州,19,459,478
湛江,银川,7,127,134
中山,柳州,36,459,495
中山,无锡,20,278,298
中山,兰州,35,415,450
贵阳,哈尔滨,11,263,274
贵阳,合肥,10,193,203
贵阳,天津,9,226,235
贵阳,长沙,23,557,580
贵阳,深圳,18,423,441
贵阳,南宁,14,408,422
贵阳,柳州,7,160,167
贵阳,海口,8,249,257
海口,长春,6,79,85
海口,天津,6,80,86
海口,长沙,8,114,122
海口,南宁,6,84,90
成都,重庆,149,4822,4971
成都,武汉,94,2433,2527
成都,西安,113,2925,3038
成都,兰州,60,1515,1575
成都,上海,129,3640,3769
成都,蚌埠,24,571,595
成都,中山,46,1081,1127
成都,廊坊,11,256,267
成都,泉州,25,598,623
成都,常德,16,410,426
成都,衡阳,27,639,666
昆明,重庆,38,824,862
昆明,长沙,40,856,896
昆明,东莞,24,542,566
昆明,兰州,15,298,313
昆明,潍坊,7,145,152
西安,杭州,91,3827,3918
西安,厦门,58,2458,2516
西安,泉州,42,1685,1727
西安,衡阳,37,1361,1398
西安,呼和浩特,48,1833,1881
西安,常州,31,1215,1246
西安,青岛,37,1487,1524
锦州,哈尔滨,12,316,328
锦州,长春,9,218,227
厦门,襄阳,11,311,322
南宁,南宁,61,5574,5635
南宁,昆明,27,1743,1770
柳州,南宁,40,1988,2028
南充,福州,13,177,190
南充,大理州,7,121,128
呼和浩特,郑州,10,305,315
呼和浩特,广州,14,442,456
呼和浩特,东莞,4,100,104
锦州,武汉,3,63,66
太原,西安,26,1215,1241
长春,包头,6,168,174
常州,喀什,4,32,36
芜湖,盐城,12,146,158
芜湖,金华,22,281,303
芜湖,义乌,9,96,105
济南,义乌,20,239,259
青岛,廊坊,7,105,112
青岛,湛江,9,122,131
厦门,湖州,10,288,298
厦门,鹰潭,8,234,242
衡阳,南通,8,215,223
常德,济南,13,220,233
常德,福州,10,163,173
常德,郑州,11,172,183
漯河,包头,8,187,195
漯河,盐城,10,223,233
信阳,连云港,7,87,94
信阳,潍坊,15,221,236
信阳,常德,10,148,158
信阳,大理州,7,91,98
信阳,宝鸡,6,79,85
信阳,内江,4,44,48
郑州,拉萨,10,194,204
中山,芜湖,12,137,149
中山,荆州,7,84,91
南宁,杭州,18,1398,1416
南宁,深圳,37,2940,2977
南宁,成都,40,3008,3048
南宁,南充,11,662,673
南宁,常德,7,500,507
柳州,杭州,5,181,186
柳州,宁波,3,86,89
柳州,温州,3,88,91
柳州,厦门,3,112,115
柳州,重庆,5,169,174
柳州,衡阳,3,116,119
柳州,海口,5,152,157
柳州,昆明,7,307,314
贵阳,南通,4,86,90
贵阳,芜湖,4,68,72
贵阳,泉州,7,175,182
贵阳,常德,5,113,118
南充,常德,5,60,65
大理州,哈尔滨,9,321,330
大理州,青岛,3,110,113
大理州,大理州,11,426,437
西安,唐山,13,558,571
西安,义乌,11,422,433
西安,大理州,11,404,415
西安,西宁,17,489,506
乌鲁木齐,兰州,16,693,709
北京,鹰潭,6,118,124
北京,湛江,7,164,171
大连,呼和浩特,7,74,81
大连,厦门,7,69,76
大连,广州,16,188,204
上海,沈阳,161,2375,2536
上海,宁波,84,1295,1379
上海,信阳,50,761,811
上海,广州,288,4438,4726
烟台,太原,14,293,307
烟台,侯马,7,139,146
烟台,北京,29,760,789
烟台,长春,15,368,383
烟台,西安,17,411,428
济宁,襄阳,6,119,125
临沂,阿克苏,5,48,53
湖州,阿克苏,24,64,88
义乌,沈阳,641,5276,5917
义乌,北京,257,2118,2375
义乌,鹰潭,107,874,981
义乌,襄阳,162,1331,1493
义乌,漯河,416,3427,3843
义乌,信阳,443,3658,4101
义乌,中山,431,3560,3991
赣州,锦州,3,170,173
赣州,北京,11,910,921
深圳,北京,124,400,524
深圳,贵阳,167,534,701
东莞,锦州,26,134,160
东莞,沈阳,153,817,970
东莞,侯马,55,288,343
东莞,石家庄,127,685,812
东莞,常州,52,280,332
东莞,襄阳,33,176,209
东莞,信阳,70,376,446
东莞,西安,175,927,1102
南宁,侯马,7,429,436
南充,漯河,5,71,76
兰州,拉萨,55,1033,1088
银川,广州,15,192,207
呼和浩特,扬州,1,24,25
呼和浩特,安庆,2,44,46
呼和浩特,宁波,3,87,90
呼和浩特,义乌,1,31,32
呼和浩特,鹰潭,1,24,25
呼和浩特,襄阳,2,44,46
呼和浩特,湛江,2,41,43
包头,哈尔滨,2,33,35
包头,苏州,1,14,15
包头,青岛,1,13,14
包头,宁波,1,6,7
包头,金华,1,7,8
包头,赣州,1,2,3
包头,衡阳,1,3,4
包头,中山,1,6,7
包头,南宁,1,8,9
包头,贵阳,1,7,8
包头,成都,1,20,21
太原,包头,5,265,270
太原,连云港,1,49,50
太原,芜湖,3,134,137
太原,湛江,3,134,137
太原,西宁,1,34,35
太原,乌鲁木齐,5,237,242
太原,喀什,1,14,15
侯马,长春,3,266,269
侯马,苏州,2,200,202
侯马,徐州,1,103,104
侯马,合肥,2,186,188
侯马,临沂,1,70,71
侯马,台州,1,64,65
侯马,常德,1,51,52
侯马,荆州,1,30,31
侯马,郑州,4,367,371
侯马,柳州,1,53,54
侯马,宝鸡,1,31,32
侯马,阿克苏,1,12,13
唐山,赣州,2,19,21
唐山,深圳,8,97,105
北京,包头,8,192,200
北京,义乌,3,74,77
大连,包头,2,22,24
大连,唐山,3,36,39
大连,保定,3,28,31
大连,上海,10,121,131
大连,湖州,1,11,12
大连,宁波,4,44,48
大连,台州,2,24,26
大连,南昌,4,43,47
大连,荆州,1,6,7
大连,贵阳,5,54,59
大连,喀什,1,1,2
锦州,侯马,2,40,42
锦州,无锡,1,21,22
锦州,淮安,1,6,7
锦州,盐城,1,10,11
锦州,泉州,1,20,21
锦州,长沙,3,48,51
锦州,信阳,1,34,35
锦州,贵阳,2,29,31
锦州,喀什,1,1,2
长春,安庆,3,84,87
长春,西宁,4,131,135
上海,台州,37,576,613
上海,深圳,145,2271,2416
蚌埠,拉萨,4,44,48
芜湖,喀什,2,23,25
潍坊,廊坊,5,88,93
烟台,包头,3,59,62
烟台,济宁,5,131,136
烟台,深圳,11,270,281
烟台,宝鸡,2,33,35
青岛,大理州,2,29,31
青岛,拉萨,3,40,43
济宁,包头,6,144,150
济宁,唐山,7,169,176
济宁,连云港,4,81,85
济宁,荆州,3,61,64
济宁,宝鸡,3,60,63
济宁,阿克苏,2,28,30
湖州,西宁,15,42,57
义乌,包头,38,308,346
义乌,赣州,165,1362,1527
义乌,荆州,76,622,698
义乌,宝鸡,50,409,459
义乌,兰州,195,1607,1802
义乌,阿克苏,10,76,86
鹰潭,台州,5,53,58
鹰潭,义乌,4,36,40
赣州,长春,8,606,614
赣州,蚌埠,3,248,251
赣州,嘉兴,2,169,171
赣州,荆州,1,55,56
赣州,宝鸡,1,56,57
常德,长春,6,105,111
常德,淮安,2,33,35
常德,潍坊,3,42,45
常德,鹰潭,2,38,40
常德,宝鸡,1,12,13
常德,阿克苏,1,8,9
衡阳,盐城,5,159,164
荆州,烟台,5,52,57
荆州,临沂,5,52,57
荆州,内江,2,15,17
荆州,拉萨,1,7,8
襄阳,淮安,2,46,48
广州,宝鸡,15,155,170
深圳,无锡,63,203,266
深圳,荆州,16,49,65
深圳,内江,10,32,42
东莞,大连,38,202,240
东莞,淮安,13,70,83
东莞,盐城,28,150,178
东莞,烟台,37,197,234
东莞,赣州,44,235,279
东莞,深圳,296,1612,1908
东莞,内江,10,53,63
东莞,银川,36,193,229
湛江,连云港,2,52,54
湛江,湖州,3,72,75
柳州,廊坊,1,16,17
柳州,常州,1,50,51
柳州,内江,1,14,15
贵阳,廊坊,2,41,43
贵阳,扬州,2,46,48
贵阳,荆州,1,30,31
贵阳,宝鸡,1,22,23
海口,大连,2,27,29
海口,常州,2,29,31
海口,台州,2,21,23
海口,漯河,2,27,29
海口,阿克苏,1,4,5
海口,喀什,1,1,2
南充,盐城,3,32,35
南充,襄阳,3,35,38
南充,西宁,1,12,13
南充,拉萨,1,21,22
内江,保定,1,29,30
内江,哈尔滨,3,96,99
内江,烟台,1,29,30
内江,天津,2,86,88
内江,宁波,2,60,62
内江,福州,3,105,108
内江,重庆,4,167,171
内江,洛阳,1,38,39
内江,广州,9,380,389
内江,湛江,2,46,48
内江,贵阳,4,150,154
内江,海口,2,70,72
内江,拉萨,1,5,6
昆明,盐城,5,92,97
昆明,阿克苏,2,43,45
大理州,廊坊,1,30,31
大理州,内江,1,21,22
西安,喀什,5,131,136
宝鸡,锦州,1,63,64
宝鸡,徐州,1,151,152
宝鸡,盐城,1,69,70
宝鸡,义乌,1,43,44
宝鸡,南昌,2,337,339
宝鸡,衡阳,1,158,159
宝鸡,襄阳,1,71,72
宝鸡,郑州,2,381,383
宝鸡,内江,1,28,29
兰州,廊坊,1,33,34
兰州,锦州,2,43,45
兰州,淮安,1,9,10
兰州,扬州,1,29,30
兰州,蚌埠,2,46,48
兰州,安庆,1,26,27
兰州,烟台,2,45,47
兰州,南宁,6,169,175
银川,太原,5,68,73
银川,石家庄,4,57,61
银川,上海,8,99,107
银川,芜湖,2,17,19
银川,厦门,3,31,34
银川,泉州,2,27,29
银川,常德,1,13,14
银川,郑州,5,61,66
银川,柳州,2,16,18
银川,内江,1,4,5
西宁,呼和浩特,1,33,34
西宁,徐州,1,26,27
西宁,温州,1,20,21
西宁,荆州,1,5,6
西宁,郑州,2,81,83
乌鲁木齐,上海,6,319,325
乌鲁木齐,徐州,2,92,94
乌鲁木齐,扬州,1,27,28
乌鲁木齐,临沂,1,35,36
乌鲁木齐,鹰潭,1,16,17
乌鲁木齐,衡阳,1,49,50
乌鲁木齐,汕头,2,63,65
乌鲁木齐,南充,3,161,164
乌鲁木齐,昆明,2,122,124
乌鲁木齐,宝鸡,1,33,34
乌鲁木齐,银川,3,115,118
阿克苏,温州,1,13,14
阿克苏,南昌,1,32,33
阿克苏,荆州,1,5,6
阿克苏,郑州,1,41,42
阿克苏,洛阳,1,10,11
阿克苏,西宁,1,6,7
喀什,太原,1,4,5
喀什,上海,1,15,16
喀什,芜湖,1,5,6
喀什,临沂,1,2,3
喀什,温州,1,3,4
喀什,中山,1,3,4
喀什,贵阳,1,7,8
拉萨,锦州,1,1,2
拉萨,苏州,1,6,7
拉萨,连云港,1,3,4
拉萨,天津,1,11,12
拉萨,湖州,1,1,2
拉萨,鹰潭,1,1,2
拉萨,厦门,1,4,5
拉萨,郑州,1,19,20
拉萨,信阳,1,10,11
拉萨,洛阳,1,6,7
拉萨,湛江,1,2,3
拉萨,南宁,1,8,9
拉萨,柳州,1,3,4
拉萨,海口,1,3,4
拉萨,西安,1,51,52
拉萨,阿克苏,1,3,4
南京,苏州,348,4453,4801
无锡,南京,215,1652,1867
苏州,无锡,148,1187,1335
苏州,连云港,52,354,406
苏州,扬州,64,470,534
徐州,南京,204,3651,3855
徐州,苏州,244,4294,4538
淮安,苏州,109,1093,1202
盐城,苏州,125,713,838
常州,无锡,110,1055,1165
常州,连云港,45,384,429
常州,淮安,31,254,285
南通,常州,72,1541,1613
安庆,蚌埠,90,876,966
杭州,嘉兴,348,771,1119
杭州,宁波,658,1449,2107
嘉兴,金华,118,338,456
嘉兴,湖州,55,153,208
宁波,杭州,341,2723,3064
台州,金华,203,667,870
台州,温州,223,772,995
金华,金华,172,1081,1253
温州,杭州,377,1518,1895
长沙,常德,148,2254,2402
广州,汕头,225,2252,2477
成都,成都,649,22384,23033
石家庄,南昌,146,1665,1811
石家庄,武汉,227,2725,2952
石家庄,郑州,266,3207,3473
石家庄,汕头,101,1150,1251
石家庄,中山,120,1398,1518
石家庄,常州,69,768,837
石家庄,长沙,201,2379,2580
石家庄,芜湖,46,506,552
天津,太原,44,1596,1640
天津,西安,45,1635,1680
廊坊,长春,47,381,428
廊坊,汕头,15,133,148
保定,广州,123,991,1114
保定,漯河,66,538,604
保定,沈阳,95,813,908
保定,南充,39,289,328
保定,长春,72,608,680
保定,柳州,20,151,171
北京,信阳,24,510,534
北京,济南,84,1875,1959
沈阳,太原,110,862,972
沈阳,漯河,40,287,327
沈阳,贵阳,61,467,528
南京,太原,117,1401,1518
南京,安庆,55,656,711
南京,杭州,216,2786,3002
扬州,石家庄,59,610,669
扬州,天津,57,619,676
扬州,济南,81,853,934
常州,石家庄,229,2338,2567
常州,天津,189,1957,2146
无锡,济南,158,1196,1354
无锡,杭州,148,1186,1334
无锡,呼和浩特,69,527,596
无锡,哈尔滨,149,1126,1275
无锡,芜湖,40,293,333
无锡,襄阳,25,186,211
无锡,漯河,45,323,368
常州,杭州,177,1810,1987
苏州,长春,114,851,965
苏州,漯河,65,488,553
苏州,南宁,115,936,1051
苏州,海口,51,397,448
徐州,金华,75,1268,1343
连云港,蚌埠,33,220,253
连云港,金华,23,153,176
连云港,襄阳,16,94,110
连云港,广州,133,943,1076
连云港,南宁,48,341,389
连云港,柳州,19,130,149
连云港,南充,24,139,163
连云港,兰州,33,231,264
淮安,乌鲁木齐,39,410,449
淮安,信阳,17,133,150
徐州,呼和浩特,103,1800,1903
徐州,银川,74,1321,1395
盐城,天津,53,281,334
盐城,汕头,44,215,259
盐城,中山,45,225,270
盐城,蚌埠,36,185,221
扬州,柳州,20,208,228
扬州,昆明,46,487,533
常州,锦州,39,361,400
常州,北京,182,1869,2051
常州,宁波,118,1218,1336
常州,南昌,170,1708,1878
南通,蚌埠,43,917,960
南通,济南,92,2129,2221
南通,金华,38,836,874
南通,长沙,82,1859,1941
南通,成都,88,1970,2058
南通,兰州,47,1092,1139
南通,银川,29,618,647
南通,阿克苏,19,447,466
合肥,石家庄,242,2607,2849
合肥,广州,541,5802,6343
安庆,锦州,35,311,346
安庆,金华,60,569,629
安庆,福州,117,1120,1237
蚌埠,厦门,91,865,956
蚌埠,广州,383,3913,4296
安庆,昆明,107,1089,1196
济南,天津,265,3094,3359
潍坊,锦州,12,156,168
潍坊,信阳,16,209,225
青岛,石家庄,40,519,559
临沂,哈尔滨,47,540,587
临沂,厦门,18,173,191
杭州,襄阳,112,247,359
杭州,贵阳,499,1163,1662
湖州,沈阳,189,515,704
湖州,北京,176,479,655
湖州,徐州,126,341,467
湖州,漯河,122,325,447
湖州,信阳,138,364,502
湖州,银川,57,150,207
嘉兴,徐州,98,305,403
嘉兴,济南,267,799,1066
嘉兴,南昌,140,409,549
嘉兴,漯河,71,205,276
嘉兴,中山,83,234,317
嘉兴,南宁,112,348,460
嘉兴,贵阳,118,339,457
嘉兴,衡阳,52,157,209
宁波,呼和浩特,68,531,599
宁波,天津,159,1285,1444
宁波,北京,147,1221,1368
宁波,南京,136,1112,1248
宁波,徐州,113,894,1007
宁波,长沙,257,2120,2377
宁波,衡阳,84,677,761
宁波,武汉,270,2171,2441
宁波,中山,123,985,1108
台州,天津,219,797,1016
台州,南昌,287,1016,1303
台州,西安,377,1359,1736
金华,侯马,230,1681,1911
金华,石家庄,504,3890,4394
金华,天津,459,3565,4024
金华,福州,479,3578,4057
金华,厦门,328,2451,2779
金华,信阳,303,2271,2574
金华,海口,226,1745,1971
金华,昆明,356,2679,3035
温州,太原,144,571,715
温州,济南,322,1285,1607
温州,信阳,113,468,581
温州,中山,145,594,739
温州,乌鲁木齐,104,418,522
温州,阿克苏,30,105,135
温州,鹰潭,37,141,178
温州,衡阳,94,390,484
南昌,济南,241,2659,2900
南昌,漯河,90,901,991
南昌,广州,442,5976,6418
南昌,北京,228,2474,2702
南昌,南昌,152,2225,2377
南昌,徐州,92,1081,1173
鹰潭,西安,36,375,411
福州,郑州,105,1237,1342
福州,漯河,45,419,464
福州,中山,76,1005,1081
福州,南宁,91,1071,1162
泉州,西安,73,2282,2355
重庆,合肥,34,1204,1238
重庆,芜湖,14,453,467
重庆,长沙,71,2742,2813
重庆,中山,35,1178,1213
长沙,北京,290,4497,4787
长沙,福州,185,2834,3019
长沙,洛阳,71,1003,1074
长沙,汕头,136,2277,2413
长沙,蚌埠,79,1316,1395
武汉,海口,112,2257,2369
荆州,中山,24,225,249
洛阳,锦州,31,292,323
洛阳,西安,197,1958,2155
洛阳,常州,44,409,453
洛阳,金华,41,415,456
洛阳,南宁,91,1026,1117
漯河,石家庄,50,1202,1252
漯河,济南,63,1688,1751
漯河,漯河,27,559,586
郑州,哈尔滨,326,5794,6120
郑州,芜湖,62,1037,1099
郑州,金华,87,1429,1516
郑州,昆明,122,2163,2285
广州,福州,361,3491,3852
广州,柳州,146,1524,1670
汕头,柳州,29,250,279
汕头,西安,79,607,686
汕头,兰州,33,240,273
湛江,贵阳,22,510,532
中山,天津,62,673,735
成都,侯马,30,606,636
成都,广州,160,4210,4370
昆明,广州,88,1891,1979
昆明,贵阳,46,909,955
石家庄,大连,68,797,865
石家庄,嘉兴,42,534,576
石家庄,义乌,20,217,237
天津,杭州,24,792,816
天津,贵阳,24,870,894
天津,兰州,18,612,630
唐山,漯河,7,69,76
唐山,侯马,6,68,74
唐山,苏州,7,80,87
唐山,宁波,5,55,60
唐山,金华,4,39,43
唐山,重庆,6,75,81
唐山,武汉,11,127,138
唐山,洛阳,5,49,54
北京,沈阳,71,1538,1609
北京,烟台,17,356,373
北京,杭州,34,749,783
北京,漯河,23,474,497
廊坊,唐山,16,155,171
廊坊,济宁,11,90,101
廊坊,泉州,10,90,100
廊坊,海口,23,219,242
保定,深圳,37,320,357
保定,无锡,21,165,186
保定,临沂,36,303,339
保定,赣州,15,121,136
保定,常德,18,148,166
保定,东莞,32,261,293
保定,淮安,9,63,72
保定,湖州,10,64,74
保定,宝鸡,10,79,89
北京,常德,11,262,273
北京,衡阳,18,354,372
北京,东莞,15,349,364
北京,海口,25,540,565
北京,大理州,9,188,197
北京,西宁,7,148,155
沈阳,南京,68,505,573
沈阳,连云港,19,143,162
沈阳,潍坊,29,249,278
沈阳,深圳,56,452,508
沈阳,东莞,39,304,343
沈阳,阿克苏,11,65,76
长春,西安,31,801,832
哈尔滨,常州,12,267,279
哈尔滨,漯河,11,294,305
哈尔滨,广州,53,1702,1755
哈尔滨,中山,13,360,373
南京,廊坊,28,332,360
南京,嘉兴,64,784,848
扬州,唐山,15,161,176
扬州,蚌埠,28,308,336
扬州,济宁,15,160,175
扬州,台州,19,206,225
扬州,泉州,19,213,232
淮安,天津,21,210,231
淮安,长沙,31,303,334
淮安,太原,15,145,160
常州,上海,316,3335,3651
常州,衡阳,61,629,690
常州,赣州,42,422,464
无锡,济宁,33,253,286
无锡,内江,6,39,45
常州,义乌,23,224,247
苏州,唐山,32,261,293
苏州,大连,37,301,338
苏州,济宁,34,279,313
徐州,唐山,57,1028,1085
徐州,大连,55,993,1048
徐州,安庆,58,1073,1131
徐州,潍坊,61,1115,1176
徐州,重庆,156,2969,3125
徐州,鹰潭,31,537,568
连云港,包头,11,72,83
连云港,廊坊,15,103,118
连云港,盐城,24,171,195
连云港,扬州,19,130,149
连云港,烟台,20,142,162
连云港,东莞,35,259,294
淮安,衡阳,11,107,118
淮安,南充,8,77,85
淮安,包头,5,51,56
淮安,唐山,6,53,59
淮安,鹰潭,5,44,49
淮安,荆州,4,35,39
淮安,义乌,7,73,80
盐城,侯马,21,109,130
盐城,廊坊,13,67,80
盐城,大连,16,72,88
盐城,连云港,20,100,120
盐城,柳州,18,88,106
盐城,海口,25,128,153
常州,大理州,29,281,310
南通,常德,18,374,392
合肥,扬州,39,415,454
合肥,济宁,69,753,822
合肥,临沂,74,797,871
合肥,常德,55,605,660
合肥,东莞,146,1596,1742
合肥,乌鲁木齐,70,732,802
安庆,苏州,105,1179,1284
安庆,烟台,34,348,382
安庆,宝鸡,15,136,151
蚌埠,廊坊,33,322,355
蚌埠,大连,50,527,577
蚌埠,潍坊,54,550,604
蚌埠,长沙,193,2113,2306
蚌埠,常德,39,415,454
蚌埠,海口,24,254,278
芜湖,沈阳,89,1108,1197
芜湖,苏州,40,484,524
芜湖,重庆,59,753,812
芜湖,信阳,37,438,475
芜湖,温州,27,337,364
济南,保定,85,945,1030
济南,常州,70,784,854
济南,徐州,111,1237,1348
济南,临沂,129,1353,1482
济南,南宁,101,1145,1246
济南,海口,69,744,813
济南,银川,96,992,1088
济南,汕头,85,895,980
济南,湛江,52,562,614
潍坊,哈尔滨,32,525,557
潍坊,上海,52,878,930
潍坊,昆明,14,216,230
潍坊,烟台,17,232,249
潍坊,宁波,14,209,223
潍坊,南昌,17,252,269
潍坊,厦门,13,174,187
潍坊,盐城,6,85,91
潍坊,台州,7,101,108
潍坊,常德,6,74,80
潍坊,襄阳,7,79,86
青岛,哈尔滨,48,689,737
青岛,上海,72,1093,1165
青岛,常州,17,220,237
青岛,济宁,17,227,244
青岛,宁波,20,263,283
青岛,中山,21,278,299
青岛,昆明,10,126,136
济宁,北京,52,1188,1240
济宁,常州,11,192,203
济宁,青岛,26,552,578
济宁,汕头,15,260,275
济宁,深圳,22,424,446
临沂,太原,34,395,429
临沂,上海,51,651,702
临沂,常州,12,137,149
临沂,无锡,11,123,134
临沂,衡阳,12,142,154
临沂,中山,19,202,221
临沂,侯马,18,214,232
临沂,烟台,11,125,136
杭州,荆州,53,118,171
湖州,唐山,44,119,163
湖州,廊坊,34,92,126
湖州,烟台,38,99,137
湖州,海口,111,303,414
嘉兴,大连,33,100,133
嘉兴,重庆,92,293,385
嘉兴,东莞,82,262,344
嘉兴,宝鸡,13,36,49
宁波,赣州,49,394,443
宁波,荆州,23,173,196
宁波,内江,14,100,114
宁波,拉萨,11,82,93
台州,苏州,265,995,1260
台州,常德,82,301,383
台州,深圳,291,1093,1384
台州,拉萨,19,68,87
金华,大连,127,974,1101
金华,上海,1141,9041,10182
金华,苏州,522,4130,4652
金华,临沂,184,1423,1607
金华,内江,33,236,269
金华,喀什,14,79,93
温州,扬州,42,168,210
温州,潍坊,70,299,369
温州,济宁,60,254,314
温州,常德,58,241,299
温州,喀什,9,28,37
南昌,重庆,140,1932,2072
南昌,东莞,123,1721,1844
南昌,包头,29,251,280
南昌,襄阳,39,487,526
南昌,湖州,27,364,391
南昌,喀什,11,53,64
鹰潭,呼和浩特,18,141,159
鹰潭,侯马,11,95,106
鹰潭,济宁,8,65,73
鹰潭,福州,23,200,223
鹰潭,深圳,24,219,243
鹰潭,东莞,18,152,170
鹰潭,南宁,25,224,249
鹰潭,大理州,8,72,80
鹰潭,杭州,23,205,228
鹰潭,常州,9,64,73
鹰潭,乌鲁木齐,12,109,121
福州,无锡,34,445,479
福州,昆明,63,865,928
福州,洛阳,35,361,396
福州,兰州,38,566,604
福州,锦州,19,204,223
福州,大理州,16,194,210
厦门,济南,47,1353,1400
厦门,青岛,21,674,695
厦门,贵阳,31,917,948
泉州,长春,30,951,981
泉州,赣州,20,544,564
泉州,包头,9,250,259
泉州,潍坊,16,460,476
厦门,无锡,19,597,616
厦门,合肥,34,1024,1058
厦门,洛阳,12,363,375
重庆,盐城,10,390,400
重庆,潍坊,12,458,470
长沙,临沂,54,826,880
长沙,宁波,107,1591,1698
长沙,台州,60,898,958
长沙,荆州,30,428,458
常德,沈阳,10,156,166
常德,徐州,8,128,136
常德,扬州,4,61,65
常德,长沙,58,1155,1213
常德,广州,39,759,798
衡阳,沈阳,30,861,891
衡阳,哈尔滨,35,1042,1077
衡阳,上海,38,1176,1214
衡阳,南京,18,513,531
武汉,苏州,125,2683,2808
武汉,银川,68,1351,1419
武汉,淮安,16,337,353
武汉,盐城,35,735,770
武汉,赣州,57,1114,1171
荆州,天津,19,166,185
荆州,长沙,35,341,376
荆州,海口,19,184,203
荆州,呼和浩特,17,156,173
荆州,盐城,6,51,57
荆州,南充,10,92,102
荆州,兰州,14,146,160
襄阳,石家庄,20,405,425
襄阳,唐山,8,141,149
襄阳,合肥,16,282,298
襄阳,潍坊,8,127,135
襄阳,重庆,20,410,430
襄阳,武汉,33,623,656
襄阳,信阳,13,222,235
襄阳,深圳,27,582,609
襄阳,昆明,15,255,270
郑州,潍坊,92,1579,1671
郑州,临沂,88,1469,1557
郑州,台州,56,994,1050
洛阳,南通,26,291,317
洛阳,蚌埠,42,457,499
洛阳,烟台,32,292,324
洛阳,荆州,10,110,120
洛阳,宝鸡,17,156,173
漯河,长春,42,1132,1174
漯河,南昌,40,1035,1075
漯河,长沙,48,1260,1308
漯河,苏州,28,713,741
漯河,深圳,36,802,838
漯河,银川,16,378,394
漯河,东莞,26,622,648
漯河,乌鲁木齐,14,363,377
漯河,湛江,15,308,323
信阳,衡阳,17,226,243
信阳,海口,14,187,201
信阳,乌鲁木齐,14,173,187
广州,南京,114,1150,1264
广州,宁波,87,899,986
广州,赣州,66,647,713
广州,长沙,337,3568,3905
广州,襄阳,49,452,501
汕头,连云港,7,47,54
汕头,扬州,6,39,45
汕头,安庆,12,89,101
广州,荆州,24,245,269
湛江,合肥,11,244,255
湛江,东莞,21,550,571
湛江,海口,11,273,284
湛江,赣州,5,127,132
中山,杭州,48,670,718
中山,太原,42,517,559
中山,长春,42,499,541
中山,扬州,10,122,132
中山,潍坊,16,191,207
中山,临沂,14,184,198
中山,洛阳,21,237,258
贵阳,石家庄,11,245,256
贵阳,长春,8,189,197
贵阳,济南,14,363,377
贵阳,温州,12,243,255
贵阳,信阳,6,134,140
贵阳,南充,9,175,184
海口,石家庄,5,55,60
海口,沈阳,8,112,120
海口,合肥,4,48,52
海口,温州,4,33,37
海口,深圳,8,113,121
海口,中山,5,56,61
海口,成都,9,140,149
成都,阿克苏,9,325,334
成都,北京,128,3740,3868
成都,长春,61,1311,1372
成都,东莞,44,1129,1173
成都,保定,18,465,483
成都,金华,26,609,635
成都,洛阳,25,558,583
成都,湛江,21,459,480
昆明,南京,20,378,398
昆明,保定,7,123,130
昆明,济宁,6,107,113
昆明,赣州,7,131,138
昆明,衡阳,12,261,273
昆明,信阳,11,211,222
西安,上海,141,6225,6366
西安,武汉,115,4593,4708
西安,柳州,36,1244,1280
西安,无锡,30,1212,1242
西安,郑州,68,2566,2634
太原,呼和浩特,17,694,711
济南,安庆,40,455,495
济南,大理州,27,268,295
呼和浩特,沈阳,19,523,542
呼和浩特,苏州,6,132,138
呼和浩特,天津,14,366,380
呼和浩特,南京,5,125,130
锦州,呼和浩特,6,174,180
太原,天津,21,1032,1053
太原,武汉,17,914,931
太原,兰州,10,429,439
天津,湖州,5,131,136
沈阳,鹰潭,8,56,64
长春,盐城,4,80,84
长春,常德,4,70,74
南京,喀什,5,50,55
合肥,西宁,13,127,140
蚌埠,西宁,6,50,56
芜湖,临沂,17,221,238
芜湖,鹰潭,11,122,133
济南,常德,37,432,469
青岛,包头,11,151,162
南昌,淮安,15,209,224
南昌,扬州,25,335,360
鹰潭,赣州,7,63,70
福州,西宁,6,105,111
厦门,大连,8,260,268
厦门,扬州,9,271,280
厦门,安庆,13,389,402
厦门,赣州,13,410,423
衡阳,济宁,8,222,230
常德,深圳,20,383,403
漯河,扬州,7,141,148
信阳,唐山,14,215,229
信阳,安庆,10,133,143
信阳,台州,10,148,158
南宁,南京,13,901,914
南宁,泉州,10,816,826
南宁,武汉,29,2090,2119
南宁,漯河,11,632,643
南宁,海口,18,1368,1386
南宁,西安,19,1449,1468
柳州,沈阳,3,125,128
柳州,哈尔滨,3,132,135
柳州,武汉,5,233,238
柳州,东莞,7,344,351
柳州,湛江,4,133,137
贵阳,汕头,7,150,157
成都,包头,24,557,581
南充,北京,20,378,398
南充,长春,9,159,168
南充,哈尔滨,12,227,239
南充,海口,7,121,128
南充,成都,32,1469,1501
南充,泉州,6,82,88
南充,柳州,9,116,125
大理州,太原,5,158,163
大理州,侯马,3,63,66
大理州,无锡,3,62,65
大理州,徐州,3,59,62
大理州,济南,5,170,175
大理州,宁波,3,80,83
大理州,重庆,5,235,240
大理州,长沙,6,217,223
西安,济宁,11,440,451
西安,洛阳,21,757,778
义乌,杭州,741,6093,6834
义乌,宁波,466,3813,4279
深圳,中山,175,551,726
包头,西安,5,87,92
太原,厦门,4,223,227
太原,洛阳,5,224,229
大连,石家庄,9,101,110
大连,沈阳,53,564,617
大连,青岛,11,122,133
大连,杭州,8,81,89
大连,汕头,5,39,44
上海,石家庄,83,1272,1355
上海,南京,131,2023,2154
上海,厦门,96,1491,1587
上海,长沙,124,1874,1998
上海,衡阳,33,484,517
上海,襄阳,27,409,436
上海,郑州,154,2367,2521
上海,湛江,30,445,475
上海,柳州,36,535,571
上海,贵阳,91,1349,1440
芜湖,阿克苏,6,88,94
烟台,沈阳,26,588,614
烟台,徐州,7,160,167
烟台,合肥,9,216,225
烟台,宁波,9,205,214
烟台,郑州,17,381,398
烟台,漯河,8,143,151
烟台,广州,26,664,690
义乌,济南,1174,9678,10852
义乌,南昌,643,5299,5942
义乌,福州,573,4731,5304
义乌,柳州,176,1447,1623
义乌,南充,174,1421,1595
赣州,侯马,7,394,401
赣州,漯河,6,315,321
常德,锦州,4,54,58
常德,湛江,5,75,80
衡阳,锦州,5,154,159
荆州,侯马,9,79,88
荆州,蚌埠,8,80,88
漯河,阿克苏,4,87,91
深圳,石家庄,96,301,397
深圳,金华,65,206,271
深圳,南宁,179,578,757
东莞,哈尔滨,158,838,996
东莞,长春,107,574,681
东莞,济南,193,1033,1226
东莞,金华,48,254,302
东莞,武汉,201,1069,1270
南充,湛江,4,59,63
兰州,汕头,6,127,133
呼和浩特,大连,3,97,100
呼和浩特,蚌埠,3,85,88
包头,保定,1,10,11
包头,徐州,1,6,7
包头,南通,1,3,4
包头,天津,2,28,30
包头,福州,1,7,8
包头,长沙,2,10,12
包头,常德,1,2,3
包头,信阳,1,5,6
包头,兰州,1,13,14
包头,阿克苏,1,1,2
包头,拉萨,1,1,2
太原,苏州,5,312,317
太原,宁波,4,222,226
太原,温州,3,193,196
太原,南昌,6,362,368
太原,长沙,8,514,522
太原,深圳,7,499,506
太原,银川,6,269,275
侯马,太原,7,612,619
侯马,淮安,1,19,20
侯马,嘉兴,1,66,67
侯马,金华,1,85,86
侯马,鹰潭,1,34,35
侯马,武汉,4,395,399
侯马,漯河,2,132,134
侯马,信阳,2,145,147
侯马,东莞,2,166,168
侯马,湛江,1,63,64
侯马,南宁,2,132,134
侯马,内江,1,13,14
侯马,西宁,1,10,11
唐山,湖州,2,19,21
唐山,大理州,2,15,17
北京,淮安,4,89,93
北京,阿克苏,3,75,78
大连,潍坊,4,44,48
大连,义乌,2,16,18
大连,海口,3,31,34
大连,南充,2,15,17
大连,兰州,4,39,43
大连,银川,3,33,36
锦州,南京,2,39,41
锦州,徐州,1,30,31
锦州,连云港,1,10,11
锦州,临沂,1,30,31
锦州,台州,1,16,17
锦州,大理州,1,6,7
锦州,银川,2,37,39
锦州,阿克苏,1,4,5
长春,拉萨,2,55,57
哈尔滨,鹰潭,3,66,69
哈尔滨,阿克苏,1,37,38
哈尔滨,喀什,1,9,10
上海,盐城,31,484,515
上海,烟台,40,611,651
上海,临沂,33,506,539
上海,宝鸡,8,119,127
上海,喀什,5,71,76
连云港,西宁,3,19,22
盐城,荆州,5,29,34
扬州,东莞,34,399,433
芜湖,西宁,4,51,55
芜湖,拉萨,5,65,70
安庆,拉萨,3,30,33
潍坊,内江,2,22,24
潍坊,西宁,2,35,37
烟台,连云港,2,42,44
烟台,南通,4,90,94
烟台,临沂,6,138,144
烟台,台州,4,95,99
烟台,长沙,12,300,312
烟台,南充,4,86,90
青岛,宝鸡,3,46,49
济宁,淮安,3,53,56
济宁,义乌,3,55,58
临沂,淮安,3,37,40
湖州,淮安,22,60,82
湖州,喀什,7,17,24
义乌,无锡,280,2312,2592
义乌,济宁,220,1815,2035
义乌,海口,160,1318,1478
义乌,银川,126,1035,1161
义乌,拉萨,9,70,79
鹰潭,荆州,3,24,27
鹰潭,拉萨,2,20,22
赣州,哈尔滨,10,844,854
赣州,南京,5,357,362
赣州,烟台,2,167,169
赣州,湖州,2,89,91
赣州,台州,3,181,184
赣州,温州,4,300,304
赣州,重庆,7,548,555
赣州,衡阳,3,251,254
赣州,海口,5,350,355
赣州,南充,3,232,235
赣州,西安,10,821,831
赣州,银川,3,178,181
赣州,西宁,1,50,51
赣州,拉萨,1,36,37
厦门,宝鸡,3,83,86
泉州,宝鸡,4,141,145
常德,唐山,2,33,35
常德,廊坊,2,25,27
常德,湖州,3,53,56
衡阳,唐山,6,195,201
衡阳,淮安,3,79,82
荆州,淮安,3,23,26
襄阳,大理州,3,60,63
漯河,宝鸡,4,112,116
洛阳,喀什,2,7,9
广州,淮安,13,133,146
广州,内江,13,130,143
深圳,保定,33,106,139
深圳,淮安,19,61,80
深圳,烟台,23,75,98
深圳,湖州,25,79,104
深圳,赣州,37,118,155
深圳,重庆,104,338,442
深圳,海口,63,203,266
深圳,银川,30,96,126
东莞,无锡,49,263,312
东莞,潍坊,41,223,264
东莞,宁波,67,362,429
东莞,温州,57,307,364
东莞,鹰潭,21,111,132
东莞,重庆,116,630,746
东莞,衡阳,67,363,430
东莞,荆州,16,83,99
东莞,大理州,28,151,179
南宁,包头,2,145,147
南宁,芜湖,5,363,368
南宁,济宁,3,262,265
南宁,宝鸡,2,103,105
南宁,拉萨,1,50,51
柳州,包头,1,14,15
柳州,扬州,1,23,24
柳州,烟台,1,30,31
柳州,金华,2,79,81
柳州,南充,2,66,68
柳州,阿克苏,1,11,12
贵阳,保定,3,70,73
贵阳,安庆,3,63,66
贵阳,西宁,1,25,26
海口,唐山,2,17,19
海口,保定,2,20,22
海口,金华,2,32,34
海口,鹰潭,1,11,12
成都,淮安,5,141,146
南充,连云港,2,20,22
南充,潍坊,3,41,44
南充,济宁,3,39,42
南充,赣州,3,43,46
南充,喀什,1,2,3
内江,包头,1,15,16
内江,侯马,1,35,36
内江,常州,1,43,44
内江,鹰潭,1,17,18
内江,荆州,1,14,15
内江,郑州,3,128,131
内江,信阳,2,59,61
内江,西安,3,134,137
昆明,湖州,5,115,120
昆明,内江,3,65,68
昆明,西宁,3,55,58
大理州,南通,2,42,44
大理州,合肥,2,74,76
大理州,潍坊,2,40,42
大理州,烟台,2,41,43
大理州,宝鸡,1,15,16
西安,内江,7,253,260
宝鸡,安庆,1,80,81
宝鸡,信阳,1,148,149
宝鸡,西安,8,1724,1732
宝鸡,拉萨,1,26,27
兰州,包头,2,42,44
兰州,保定,2,44,46
兰州,徐州,2,68,70
兰州,潍坊,2,43,45
兰州,济宁,2,34,36
兰州,温州,4,92,96
兰州,衡阳,2,51,53
兰州,武汉,7,218,225
兰州,漯河,2,71,73
兰州,深圳,9,280,289
银川,苏州,4,49,53
银川,南通,2,16,18
银川,济宁,1,13,14
银川,金华,2,29,31
银川,赣州,1,12,13
银川,重庆,5,58,63
银川,襄阳,1,11,12
银川,深圳,5,69,74
银川,东莞,4,44,48
西宁,侯马,1,27,28
西宁,北京,2,85,87
西宁,大连,1,12,13
西宁,上海,2,47,49
西宁,芜湖,1,9,10
西宁,烟台,1,16,17
西宁,台州,1,11,12
西宁,赣州,1,7,8
西宁,重庆,2,59,61
西宁,长沙,3,69,72
西宁,襄阳,1,12,13
西宁,南充,1,27,28
乌鲁木齐,北京,8,439,447
乌鲁木齐,沈阳,3,178,181
乌鲁木齐,大连,1,55,56
乌鲁木齐,锦州,1,27,28
乌鲁木齐,台州,1,44,45
乌鲁木齐,武汉,5,270,275
乌鲁木齐,郑州,4,249,253
乌鲁木齐,东莞,2,116,118
乌鲁木齐,柳州,1,39,40
乌鲁木齐,成都,12,705,717
阿克苏,上海,1,51,52
阿克苏,济南,1,31,32
阿克苏,厦门,1,9,10
阿克苏,重庆,1,55,56
阿克苏,衡阳,1,9,10
阿克苏,广州,1,72,73
阿克苏,柳州,1,5,6
阿克苏,成都,1,106,107
阿克苏,大理州,1,6,7
阿克苏,阿克苏,1,181,182
喀什,侯马,1,4,5
喀什,沈阳,1,11,12
喀什,无锡,1,5,6
喀什,潍坊,1,4,5
喀什,济宁,1,2,3
喀什,南昌,1,16,17
喀什,福州,1,5,6
喀什,厦门,1,2,3
喀什,常德,1,3,4
喀什,衡阳,1,3,4
喀什,东莞,1,4,5
喀什,成都,1,29,30
喀什,宝鸡,1,2,3
喀什,兰州,1,32,33
拉萨,侯马,1,9,10
拉萨,石家庄,1,12,13
拉萨,唐山,1,2,3
拉萨,徐州,1,7,8
拉萨,潍坊,1,3,4
拉萨,金华,1,4,5
拉萨,温州,1,5,6
拉萨,重庆,1,58,59
拉萨,宝鸡,1,5,6
石家庄,北京,518,6292,6810
保定,石家庄,189,1568,1757
保定,廊坊,48,358,406
无锡,盐城,56,389,445
连云港,南京,77,545,622
连云港,无锡,42,287,329
连云港,南通,36,215,251
淮安,南京,84,866,950
徐州,徐州,92,1499,1591
盐城,徐州,72,368,440
南通,无锡,64,1422,1486
南通,扬州,31,633,664
湖州,温州,91,227,318
宁波,金华,127,968,1095
金华,台州,253,1805,2058
郑州,郑州,325,5222,5547
郑州,信阳,182,2890,3072
汕头,湛江,53,366,419
中山,广州,437,6111,6548
成都,内江,33,982,1015
石家庄,天津,281,3310,3591
石家庄,广州,440,5335,5775
石家庄,洛阳,87,979,1066
石家庄,湛江,74,810,884
石家庄,南充,81,885,966
石家庄,兰州,132,1589,1721
天津,长春,44,1552,1596
廊坊,杭州,26,255,281
保定,湛江,23,180,203
保定,太原,75,595,670
保定,昆明,61,476,537
保定,福州,47,377,424
保定,银川,33,244,277
北京,厦门,31,678,709
北京,太原,61,1334,1395
沈阳,北京,186,1763,1949
沈阳,长春,265,2215,2480
沈阳,西安,134,1066,1200
南京,呼和浩特,90,1006,1096
南京,金华,83,952,1035
南京,南昌,144,1608,1752
南京,郑州,197,2268,2465
南京,广州,351,4139,4490
南京,中山,95,1023,1118
扬州,常州,43,440,483
扬州,合肥,49,525,574
扬州,杭州,69,769,838
扬州,信阳,36,357,393
无锡,合肥,97,750,847
无锡,青岛,79,615,694
无锡,广州,167,1284,1451
无锡,太原,74,563,637
无锡,蚌埠,49,357,406
无锡,宁波,75,590,665
无锡,乌鲁木齐,68,510,578
常州,湛江,66,649,715
苏州,金华,79,621,700
苏州,呼和浩特,70,521,591
苏州,哈尔滨,133,997,1130
苏州,侯马,55,404,459
苏州,北京,160,1330,1490
苏州,蚌埠,80,616,696
苏州,武汉,214,1672,1886
苏州,汕头,68,537,605
苏州,湛江,40,300,340
苏州,成都,229,1765,1994
苏州,大理州,27,201,228
徐州,厦门,117,2084,2201
徐州,广州,461,8546,9007
连云港,北京,118,905,1023
连云港,郑州,92,639,731
连云港,中山,34,244,278
连云港,汕头,33,218,251
连云港,湛江,21,146,167
连云港,贵阳,59,361,420
淮安,西安,35,350,385
淮安,广州,57,616,673
淮安,厦门,16,140,156
淮安,芜湖,14,138,152
淮安,宁波,28,291,319
徐州,长春,161,3042,3203
徐州,洛阳,82,1490,1572
盐城,西安,65,374,439
扬州,沈阳,73,746,819
扬州,南宁,50,549,599
扬州,银川,28,279,307
扬州,阿克苏,12,112,124
常州,福州,167,1675,1842
常州,柳州,62,614,676
常州,成都,264,2646,2910
南通,芜湖,25,535,560
南通,杭州,104,2422,2526
南通,南昌,59,1263,1322
南通,襄阳,16,313,329
南通,漯河,35,753,788
南通,海口,51,1146,1197
南通,乌鲁木齐,86,1947,2033
合肥,侯马,116,1209,1325
合肥,长春,212,2197,2409
合肥,青岛,190,2054,2244
合肥,南昌,239,2581,2820
合肥,洛阳,105,1142,1247
合肥,中山,139,1445,1584
合肥,汕头,126,1302,1428
合肥,贵阳,237,2443,2680
合肥,西安,378,4059,4437
安庆,呼和浩特,64,584,648
安庆,南京,102,1092,1194
安庆,徐州,91,952,1043
安庆,武汉,184,1852,2036
安庆,洛阳,52,483,535
安庆,漯河,71,645,716
安庆,南充,62,519,581
安庆,银川,56,485,541
蚌埠,天津,170,1865,2035
蚌埠,青岛,118,1251,1369
蚌埠,锦州,43,406,449
蚌埠,湛江,56,536,592
蚌埠,南宁,158,1671,1829
蚌埠,贵阳,180,1763,1943
蚌埠,南昌,139,1449,1588
蚌埠,哈尔滨,176,1970,2146
蚌埠,太原,145,1534,1679
芜湖,呼和浩特,45,541,586
济南,石家庄,250,2867,3117
济南,漯河,118,1197,1315
济南,中山,106,1170,1276
济南,哈尔滨,280,3267,3547
潍坊,青岛,39,596,635
济宁,济南,64,1371,1435
临沂,漯河,21,230,251
临沂,石家庄,39,428,467
天津,呼和浩特,31,1253,1284
杭州,蚌埠,253,573,826
杭州,南昌,463,1045,1508
杭州,厦门,302,705,1007
杭州,中山,308,712,1020
杭州,乌鲁木齐,255,603,858
杭州,大理州,97,226,323
湖州,侯马,94,250,344
湖州,天津,140,377,517
湖州,长春,151,409,560
湖州,郑州,263,712,975
湖州,广州,440,1194,1634
湖州,汕头,123,336,459
嘉兴,青岛,113,346,459
嘉兴,西安,168,501,669
嘉兴,蚌埠,60,182,242
嘉兴,安庆,34,101,135
宁波,蚌埠,87,679,766
宁波,郑州,257,2097,2354
宁波,洛阳,84,659,743
宁波,信阳,116,913,1029
宁波,广州,465,3854,4319
台州,常州,145,512,657
台州,漯河,160,568,728
台州,南充,100,349,449
台州,阿克苏,37,126,163
金华,哈尔滨,507,3791,4298
金华,锦州,103,743,846
金华,常州,276,2111,2387
金华,蚌埠,291,2197,2488
金华,芜湖,172,1278,1450
金华,青岛,395,3054,3449
金华,郑州,717,5441,6158
金华,南充,183,1320,1503
温州,徐州,138,567,705
温州,湛江,79,314,393
温州,襄阳,51,200,251
温州,大理州,45,167,212
南昌,汕头,110,1244,1354
南昌,贵阳,187,2122,2309
南昌,青岛,114,1327,1441
鹰潭,合肥,20,155,175
鹰潭,漯河,14,121,135
泉州,汕头,81,2527,2608
泉州,湛江,52,1590,1642
泉州,沈阳,49,1536,1585
泉州,金华,23,661,684
泉州,柳州,22,605,627
泉州,兰州,33,1082,1115
重庆,天津,42,1545,1587
重庆,杭州,45,1717,1762
重庆,厦门,30,1053,1083
重庆,信阳,23,810,833
重庆,成都,137,5250,5387
长沙,南昌,261,3955,4216
长沙,海口,157,2738,2895
长沙,大理州,54,829,883
武汉,天津,156,3403,3559
武汉,侯马,76,1607,1683
武汉,合肥,133,2827,2960
武汉,青岛,124,2539,2663
武汉,信阳,108,2110,2218
武汉,湛江,66,1277,1343
襄阳,汕头,14,236,250
郑州,侯马,140,2422,2562
郑州,石家庄,271,4878,5149
郑州,福州,172,3098,3270
郑州,南宁,234,4075,4309
郑州,柳州,104,1662,1766
洛阳,郑州,160,1476,1636
洛阳,成都,183,1927,2110
洛阳,呼和浩特,59,480,539
洛阳,长春,100,1073,1173
洛阳,洛阳,38,342,380
洛阳,中山,67,718,785
洛阳,南充,50,482,532
郑州,蚌埠,110,1873,1983
郑州,安庆,54,966,1020
郑州,鹰潭,36,632,668
郑州,衡阳,99,1761,1860
广州,信阳,88,831,919
广州,济南,221,2234,2455
广州,呼和浩特,101,1015,1116
广州,南昌,213,2136,2349
汕头,太原,39,290,329
汕头,哈尔滨,47,373,420
广州,武汉,301,3139,3440
湛江,西安,25,570,595
湛江,中山,24,586,610
中山,锦州,15,143,158
中山,沈阳,59,728,787
中山,厦门,47,639,686
成都,贵阳,111,2725,2836
成都,郑州,76,1787,1863
石家庄,深圳,141,1806,1947
石家庄,淮安,19,219,238
石家庄,拉萨,18,219,237
天津,侯马,25,784,809
天津,南京,24,808,832
天津,无锡,14,425,439
天津,重庆,22,767,789
天津,洛阳,19,577,596
天津,南宁,21,696,717
唐山,太原,12,162,174
唐山,常州,4,40,44
唐山,南通,4,31,35
唐山,合肥,6,70,76
唐山,蚌埠,4,44,48
唐山,潍坊,4,43,47
唐山,温州,4,41,45
唐山,昆明,5,61,66
北京,石家庄,64,1453,1517
北京,青岛,39,914,953
北京,嘉兴,11,229,240
北京,金华,16,308,324
廊坊,芜湖,9,77,86
廊坊,安庆,9,78,87
廊坊,重庆,26,253,279
廊坊,淮安,4,31,35
廊坊,大理州,7,57,64
廊坊,兰州,21,207,228
廊坊,乌鲁木齐,37,347,384
保定,喀什,9,72,81
保定,内江,6,45,51
北京,合肥,28,636,664
北京,安庆,12,213,225
北京,柳州,16,363,379
北京,南充,21,414,435
北京,济宁,13,290,303
北京,泉州,16,377,393
沈阳,成都,92,732,824
沈阳,无锡,37,267,304
沈阳,嘉兴,25,201,226
沈阳,湛江,16,110,126
沈阳,柳州,18,135,153
长春,保定,12,331,343
长春,长春,155,4451,4606
长春,南京,13,308,321
长春,无锡,7,190,197
长春,苏州,16,396,412
长春,青岛,24,687,711
长春,温州,8,202,210
长春,衡阳,5,99,104
长春,东莞,12,249,261
长春,大理州,6,85,91
哈尔滨,大连,32,1014,1046
哈尔滨,无锡,11,284,295
哈尔滨,潍坊,13,392,405
哈尔滨,温州,12,306,318
哈尔滨,福州,17,501,518
哈尔滨,重庆,19,525,544
哈尔滨,洛阳,11,258,269
哈尔滨,汕头,13,339,352
哈尔滨,深圳,27,873,900
南京,潍坊,52,610,662
南京,重庆,125,1578,1703
南京,荆州,21,239,260
南京,拉萨,14,181,195
扬州,连云港,16,152,168
扬州,芜湖,18,182,200
扬州,安庆,16,168,184
扬州,重庆,36,415,451
扬州,长沙,61,670,731
扬州,衡阳,20,214,234
淮安,贵阳,19,179,198
常州,唐山,49,494,543
常州,潍坊,64,653,717
无锡,保定,26,200,226
无锡,临沂,34,258,292
无锡,重庆,66,526,592
无锡,衡阳,24,188,212
常州,湖州,30,304,334
苏州,嘉兴,68,563,631
苏州,温州,90,771,861
苏州,包头,19,146,165
苏州,潍坊,42,331,373
徐州,济宁,65,1216,1281
徐州,临沂,64,1211,1275
徐州,乌鲁木齐,37,725,762
徐州,义乌,23,404,427
徐州,阿克苏,8,135,143
连云港,唐山,20,145,165
连云港,上海,128,1003,1131
淮安,呼和浩特,17,176,193
淮安,潍坊,7,61,68
淮安,台州,13,135,148
淮安,大理州,4,35,39
淮安,大连,5,50,55
淮安,烟台,7,61,68
徐州,西宁,10,166,176
盐城,呼和浩特,24,122,146
盐城,温州,36,205,241
盐城,常德,13,63,76
盐城,兰州,29,167,196
盐城,银川,19,100,119
盐城,东莞,40,240,280
盐城,乌鲁木齐,44,247,291
扬州,大连,16,176,192
扬州,荆州,6,66,72
常州,包头,21,202,223
南通,廊坊,9,188,197
南通,潍坊,22,478,500
南通,湖州,16,351,367
南通,温州,47,1051,1098
南通,东莞,50,1147,1197
南通,宝鸡,5,98,103
南通,西宁,13,289,302
南通,喀什,5,112,117
合肥,长沙,288,3198,3486
合肥,襄阳,61,651,712
合肥,昆明,137,1500,1637
安庆,保定,41,404,445
安庆,安庆,32,332,364
安庆,赣州,35,338,373
安庆,东莞,85,942,1027
蚌埠,南通,39,385,424
蚌埠,淮安,18,173,191
蚌埠,大理州,18,179,197
芜湖,太原,58,700,758
芜湖,侯马,31,346,377
芜湖,北京,61,755,816
芜湖,宁波,31,374,405
芜湖,郑州,77,913,990
芜湖,烟台,18,227,245
芜湖,洛阳,24,283,307
芜湖,湛江,22,254,276
芜湖,海口,24,302,326
芜湖,乌鲁木齐,41,538,579
济南,福州,142,1530,1672
济南,武汉,246,2870,3116
济南,洛阳,91,971,1062
济南,东莞,109,1256,1365
济南,荆州,22,230,252
潍坊,蚌埠,10,141,151
潍坊,汕头,14,170,184
青岛,潍坊,22,328,350
青岛,长沙,38,504,542
青岛,成都,48,695,743
青岛,合肥,25,336,361
青岛,南昌,23,320,343
青岛,重庆,25,352,377
青岛,侯马,18,231,249
济宁,呼和浩特,26,504,530
济宁,徐州,16,315,331
济宁,福州,21,391,412
济宁,长沙,32,648,680
济宁,成都,40,870,910
济宁,漯河,15,279,294
临沂,苏州,23,280,303
临沂,嘉兴,10,118,128
济宁,蚌埠,12,222,234
济宁,洛阳,12,218,230
临沂,台州,7,85,92
临沂,乌鲁木齐,15,177,192
天津,包头,9,371,380
杭州,大连,115,270,385
湖州,济宁,54,143,197
嘉兴,南通,53,166,219
嘉兴,潍坊,52,165,217
嘉兴,济宁,48,145,193
嘉兴,荆州,18,51,69
嘉兴,义乌,37,114,151
宁波,大连,48,391,439
宁波,淮安,22,171,193
宁波,盐城,45,356,401
宁波,重庆,140,1203,1343
台州,唐山,62,222,284
台州,廊坊,45,157,202
台州,上海,495,1864,2359
台州,淮安,41,146,187
台州,南通,99,361,460
台州,烟台,80,290,370
台州,义乌,67,241,308
台州,赣州,83,300,383
台州,西宁,25,87,112
金华,保定,164,1266,1430
金华,潍坊,191,1483,1674
金华,义乌,119,876,995
温州,荆州,26,97,123
温州,宝鸡,19,69,88
温州,西宁,18,70,88
南昌,蚌埠,69,866,935
南昌,泉州,69,957,1026
南昌,衡阳,70,843,913
南昌,银川,70,574,644
南昌,烟台,42,502,544
南昌,台州,49,619,668
南昌,鹰潭,32,376,408
鹰潭,临沂,8,70,78
鹰潭,厦门,15,136,151
鹰潭,银川,10,89,99
鹰潭,海口,12,113,125
鹰潭,温州,10,91,101
鹰潭,柳州,10,89,99
福州,深圳,106,1549,1655
福州,西安,105,1326,1431
福州,长春,67,775,842
福州,保定,29,319,348
福州,廊坊,16,162,178
福州,银川,22,316,338
厦门,上海,98,3325,3423
厦门,武汉,63,2011,2074
厦门,兰州,18,581,599
泉州,无锡,19,566,585
泉州,苏州,37,1205,1242
泉州,长沙,71,2334,2405
泉州,常德,17,454,471
泉州,襄阳,15,392,407
泉州,唐山,12,343,355
厦门,衡阳,18,543,561
厦门,盐城,12,325,337
厦门,临沂,11,295,306
重庆,包头,18,707,725
重庆,大连,15,575,590
重庆,海口,41,1587,1628
重庆,西宁,4,122,126
长沙,唐山,44,694,738
长沙,盐城,37,563,600
长沙,鹰潭,39,610,649
常德,哈尔滨,9,145,154
常德,苏州,17,305,322
常德,盐城,4,80,84
常德,嘉兴,7,122,129
常德,台州,5,101,106
常德,金华,8,128,136
常德,温州,10,171,181
常德,南充,6,110,116
常德,西安,12,209,221
衡阳,济南,39,1102,1141
衡阳,武汉,43,1331,1374
衡阳,深圳,44,1323,1367
衡阳,厦门,23,553,576
衡阳,苏州,23,623,646
衡阳,金华,13,331,344
衡阳,泉州,14,418,432
武汉,保定,55,1114,1169
武汉,南通,47,955,1002
武汉,蚌埠,68,1434,1502
武汉,鹰潭,34,632,666
武汉,重庆,186,4206,4392
武汉,深圳,205,4555,4760
武汉,嘉兴,49,1043,1092
武汉,包头,32,624,656
武汉,廊坊,28,594,622
武汉,临沂,43,864,907
荆州,北京,44,457,501
荆州,南宁,25,221,246
荆州,温州,13,134,147
荆州,长春,11,110,121
襄阳,洛阳,11,191,202
襄阳,南宁,18,357,375
襄阳,西安,26,512,538
郑州,上海,308,6344,6652
郑州,重庆,173,3262,3435
郑州,济宁,82,1403,1485
郑州,温州,87,1556,1643
郑州,荆州,26,471,497
洛阳,唐山,34,336,370
洛阳,潍坊,44,401,445
洛阳,临沂,37,360,397
洛阳,连云港,18,163,181
漯河,成都,64,1679,1743
漯河,青岛,30,741,771
漯河,中山,26,526,552
漯河,嘉兴,14,332,346
漯河,无锡,13,331,344
漯河,台州,12,269,281
漯河,泉州,17,397,414
信阳,上海,83,1286,1369
信阳,青岛,33,473,506
信阳,包头,13,146,159
信阳,宁波,24,312,336
信阳,长沙,54,735,789
信阳,襄阳,12,147,159
广州,太原,125,1241,1366
广州,保定,58,528,586
广州,无锡,57,591,648
汕头,上海,38,391,429
汕头,盐城,8,54,62
汕头,芜湖,11,72,83
汕头,济宁,15,96,111
汕头,湖州,6,42,48
广州,南通,41,405,446
湛江,南京,10,223,233
湛江,宁波,10,244,254
湛江,成都,25,690,715
湛江,昆明,17,423,440
湛江,南通,5,98,103
湛江,深圳,27,727,754
中山,福州,70,940,1010
中山,东莞,95,1410,1505
中山,北京,111,1174,1285
中山,深圳,158,2370,2528
中山,大连,14,173,187
中山,常州,23,290,313
中山,合肥,32,397,429
中山,青岛,36,432,468
中山,嘉兴,15,195,210
中山,温州,23,334,357
中山,漯河,26,303,329
中山,信阳,28,331,359
贵阳,太原,6,159,165
贵阳,上海,19,464,483
贵阳,重庆,18,499,517
贵阳,东莞,14,299,313
贵阳,中山,10,234,244
贵阳,昆明,23,595,618
贵阳,兰州,8,169,177
贵阳,银川,4,100,104
海口,汕头,5,73,78
成都,昆明,101,2639,2740
成都,大理州,25,589,614
成都,拉萨,15,675,690
成都,潍坊,22,518,540
成都,南昌,57,1407,1464
成都,无锡,25,604,629
成都,芜湖,15,367,382
成都,济宁,16,376,392
昆明,哈尔滨,37,700,737
昆明,天津,21,429,450
昆明,南宁,25,566,591
昆明,海口,17,318,335
昆明,徐州,9,187,196
昆明,嘉兴,10,238,248
昆明,台州,9,199,208
昆明,金华,14,279,293
昆明,泉州,11,239,250
昆明,湛江,9,187,196
昆明,乌鲁木齐,11,228,239
西安,苏州,65,2766,2831
西安,温州,45,1807,1852
西安,福州,78,3203,3281
西安,重庆,82,3274,3356
西安,潍坊,16,657,673
西安,东莞,78,3166,3244
南充,贵阳,24,493,517
南充,昆明,18,367,385
呼和浩特,保定,5,132,137
呼和浩特,哈尔滨,15,461,476
呼和浩特,杭州,7,185,192
呼和浩特,成都,12,370,382
呼和浩特,福州,5,129,134
呼和浩特,贵阳,4,110,114
锦州,太原,4,101,105
锦州,北京,11,362,373
锦州,青岛,4,92,96
锦州,西安,5,124,129
太原,上海,12,767,779
太原,广州,18,1110,1128
石家庄,喀什,7,76,83
天津,赣州,5,167,172
天津,荆州,3,82,85
沈阳,义乌,27,208,235
沈阳,荆州,6,42,48
长春,南通,5,114,119
长春,襄阳,4,63,67
哈尔滨,柳州,8,180,188
哈尔滨,乌鲁木齐,8,248,256
芜湖,扬州,9,104,113
芜湖,湖州,9,115,124
芜湖,嘉兴,16,210,226
芜湖,宝鸡,7,91,98
济南,湖州,26,302,328
济南,阿克苏,19,212,231
青岛,南通,11,143,154
青岛,义乌,5,60,65
青岛,南充,11,154,165
鹰潭,廊坊,5,41,46
鹰潭,芜湖,6,48,54
鹰潭,嘉兴,7,58,65
鹰潭,襄阳,7,52,59
福州,淮安,9,103,112
福州,义乌,16,179,195
福州,宝鸡,7,89,96
厦门,潍坊,9,283,292
厦门,义乌,7,218,225
厦门,阿克苏,7,221,228
常德,天津,9,133,142
襄阳,呼和浩特,8,150,158
襄阳,襄阳,5,44,49
漯河,湖州,7,164,171
漯河,鹰潭,7,159,166
信阳,南通,11,141,152
信阳,义乌,7,72,79
信阳,西宁,4,35,39
信阳,阿克苏,3,39,42
汕头,义乌,4,32,36
中山,连云港,9,114,123
中山,盐城,11,151,162
中山,济宁,13,159,172
中山,义乌,9,92,101
南宁,石家庄,16,1087,1103
南宁,大连,5,324,329
南宁,长春,10,875,885
南宁,上海,26,2133,2159
南宁,徐州,10,635,645
南宁,合肥,15,1016,1031
南宁,衡阳,13,965,978
南宁,郑州,21,1526,1547
柳州,石家庄,3,90,93
柳州,北京,5,193,198
柳州,青岛,3,79,82
贵阳,台州,6,135,141
贵阳,赣州,4,79,83
南充,苏州,10,127,137
南充,南昌,13,158,171
南充,南宁,16,277,293
南充,温州,6,83,89
大理州,沈阳,12,392,404
大理州,杭州,4,140,144
大理州,南昌,4,111,115
大理州,郑州,4,125,129
大理州,贵阳,5,220,225
西安,保定,14,539,553
西安,南通,21,808,829
西安,芜湖,21,796,817
包头,呼和浩特,34,769,803
烟台,青岛,22,547,569
义乌,湖州,133,1088,1221
义乌,金华,335,2705,3040
东莞,广州,741,3870,4611
东莞,中山,188,996,1184
太原,合肥,7,379,386
太原,信阳,7,286,293
太原,漯河,6,252,258
北京,锦州,11,250,261
北京,襄阳,12,264,276
大连,福州,7,81,88
上海,金华,48,725,773
上海,鹰潭,18,271,289
上海,漯河,47,710,757
上海,中山,69,1048,1117
上海,大理州,19,267,286
烟台,石家庄,15,328,343
烟台,天津,17,424,441
烟台,杭州,14,355,369
烟台,信阳,7,167,174
义乌,哈尔滨,551,4522,5073
义乌,广州,1619,13357,14976
赣州,广州,25,2029,2054
荆州,锦州,6,60,66
深圳,徐州,93,298,391
深圳,武汉,184,586,770
深圳,大理州,33,103,136
东莞,太原,100,536,636
东莞,南京,92,495,587
东莞,徐州,69,365,434
东莞,合肥,90,478,568
东莞,长沙,199,1074,1273
东莞,漯河,64,345,409
东莞,兰州,74,395,469
贵阳,锦州,3,66,69
昆明,锦州,6,110,116
兰州,呼和浩特,6,124,130
兰州,广州,21,638,659
兰州,阿克苏,6,134,140
银川,沈阳,8,94,102
呼和浩特,廊坊,3,68,71
呼和浩特,淮安,1,13,14
呼和浩特,台州,2,46,48
呼和浩特,赣州,2,39,41
呼和浩特,厦门,3,75,78
呼和浩特,常德,1,36,37
呼和浩特,汕头,3,77,80
呼和浩特,海口,3,106,109
呼和浩特,喀什,1,5,6
包头,上海,1,19,20
包头,常州,1,5,6
包头,济南,1,20,21
包头,潍坊,1,8,9
包头,烟台,1,5,6
包头,泉州,1,5,6
包头,郑州,1,18,19
包头,洛阳,1,4,5
包头,内江,1,1,2
包头,喀什,1,0,1
太原,保定,6,321,327
太原,无锡,3,150,153
太原,扬州,2,66,68
太原,湖州,1,70,71
太原,南宁,6,319,325
侯马,南通,1,57,58
侯马,安庆,1,66,67
侯马,贵阳,3,215,218
侯马,兰州,2,170,172
唐山,安庆,2,22,24
唐山,柳州,2,19,21
廊坊,东莞,14,127,141
北京,扬州,7,152,159
北京,临沂,14,334,348
大连,常州,3,29,32
大连,连云港,1,9,10
大连,蚌埠,2,17,19
大连,安庆,1,9,10
大连,嘉兴,2,20,22
大连,金华,3,27,30
大连,常德,1,12,13
大连,湛江,1,12,13
大连,西宁,1,7,8
锦州,南通,1,15,16
锦州,杭州,3,61,64
锦州,嘉兴,1,19,20
锦州,义乌,1,13,14
锦州,温州,1,24,25
锦州,汕头,1,22,23
锦州,中山,1,24,25
锦州,昆明,2,33,35
锦州,乌鲁木齐,1,21,22
长春,扬州,3,71,74
长春,义乌,3,87,90
哈尔滨,连云港,4,131,135
哈尔滨,淮安,2,52,54
上海,唐山,22,331,353
上海,济宁,31,479,510
上海,嘉兴,45,691,736
上海,赣州,28,427,455
上海,拉萨,19,291,310
淮安,内江,1,11,12
盐城,西宁,4,22,26
盐城,拉萨,6,34,40
合肥,喀什,4,36,40
潍坊,拉萨,3,40,43
烟台,苏州,12,310,322
烟台,蚌埠,5,112,117
烟台,金华,5,130,135
烟台,鹰潭,2,33,35
烟台,海口,3,60,63
烟台,银川,4,95,99
烟台,西宁,1,15,16
青岛,内江,2,25,27
济宁,湖州,4,80,84
济宁,常德,6,128,134
济宁,柳州,3,69,72
济宁,乌鲁木齐,5,107,112
济宁,喀什,1,7,8
义乌,呼和浩特,135,1116,1251
鹰潭,盐城,4,35,39
赣州,连云港,2,100,102
赣州,临沂,3,197,200
赣州,泉州,4,289,293
赣州,柳州,3,247,250
赣州,成都,12,994,1006
福州,喀什,2,25,27
厦门,西宁,4,142,146
厦门,喀什,2,45,47
常德,烟台,2,37,39
常德,济宁,2,34,36
常德,义乌,3,43,46
常德,泉州,4,82,86
常德,荆州,2,34,36
常德,拉萨,1,9,10
荆州,保定,6,64,70
荆州,扬州,4,38,42
荆州,安庆,6,61,67
荆州,湖州,4,44,48
荆州,西宁,1,10,11
襄阳,廊坊,4,77,81
襄阳,拉萨,1,17,18
漯河,内江,3,68,71
深圳,义乌,19,61,80
东莞,芜湖,29,156,185
东莞,西宁,14,76,90
湛江,鹰潭,3,72,75
湛江,内江,2,32,34
湛江,西宁,1,19,20
湛江,阿克苏,1,14,15
南宁,扬州,3,216,219
南宁,南通,5,361,366
南宁,烟台,4,316,320
南宁,湖州,3,238,241
南宁,台州,6,439,445
柳州,无锡,1,51,52
柳州,连云港,1,17,18
柳州,淮安,1,11,12
柳州,蚌埠,2,54,56
柳州,湖州,1,34,35
柳州,嘉兴,1,51,52
柳州,台州,1,52,53
柳州,荆州,1,18,19
柳州,洛阳,1,47,48
柳州,兰州,2,60,62
柳州,乌鲁木齐,2,52,54
贵阳,连云港,2,37,39
贵阳,鹰潭,2,40,42
贵阳,阿克苏,1,17,18
海口,包头,1,5,6
海口,连云港,1,8,9
海口,淮安,1,6,7
海口,扬州,1,12,13
海口,潍坊,1,14,15
海口,洛阳,2,21,23
海口,柳州,3,32,35
海口,拉萨,1,5,6
南充,内江,2,48,50
内江,廊坊,1,16,17
内江,北京,4,147,151
内江,淮安,1,13,14
内江,盐城,1,25,26
内江,赣州,1,29,30
内江,襄阳,2,53,55
内江,漯河,2,49,51
内江,柳州,2,52,54
昆明,包头,5,93,98
昆明,义乌,4,87,91
昆明,宝鸡,2,38,40
大理州,扬州,1,29,30
大理州,安庆,1,28,29
大理州,泉州,2,52,54
大理州,常德,1,37,38
大理州,柳州,2,64,66
大理州,海口,2,53,55
大理州,南充,2,86,88
大理州,西宁,1,17,18
西安,拉萨,8,244,252
宝鸡,呼和浩特,2,307,309
宝鸡,沈阳,2,365,367
宝鸡,无锡,1,166,167
宝鸡,苏州,2,447,449
宝鸡,合肥,2,243,245
宝鸡,济南,2,423,425
宝鸡,青岛,1,229,230
宝鸡,宁波,1,224,225
宝鸡,台州,1,92,93
宝鸡,金华,1,120,121
宝鸡,洛阳,1,118,119
宝鸡,南充,1,135,136
兰州,侯马,2,55,57
兰州,无锡,3,73,76
兰州,连云港,1,19,20
兰州,青岛,5,142,147
兰州,天津,7,217,224
兰州,宁波,3,88,91
兰州,台州,2,44,46
兰州,鹰潭,1,18,19
兰州,重庆,5,177,182
兰州,常德,1,29,30
兰州,南充,3,65,68
兰州,宝鸡,1,30,31
兰州,银川,7,170,177
银川,唐山,2,17,19
银川,无锡,2,19,21
银川,淮安,1,4,5
银川,盐城,1,10,11
银川,潍坊,2,17,19
银川,嘉兴,2,23,25
银川,台州,2,21,23
银川,阿克苏,1,10,11
银川,喀什,1,2,3
西宁,保定,1,15,16
西宁,常州,1,19,20
西宁,福州,1,23,24
西宁,厦门,1,14,15
西宁,漯河,1,30,31
西宁,东莞,1,23,24
西宁,南宁,1,26,27
西宁,西安,4,186,190
乌鲁木齐,呼和浩特,2,66,68
乌鲁木齐,唐山,1,31,32
乌鲁木齐,长春,3,133,136
乌鲁木齐,常州,2,68,70
乌鲁木齐,连云港,1,26,27
乌鲁木齐,合肥,2,101,103
乌鲁木齐,芜湖,1,26,27
乌鲁木齐,安庆,1,27,28
乌鲁木齐,福州,2,98,100
乌鲁木齐,荆州,1,18,19
阿克苏,太原,1,17,18
阿克苏,北京,1,57,58
阿克苏,长春,1,21,22
阿克苏,合肥,1,21,22
阿克苏,蚌埠,1,6,7
阿克苏,烟台,1,6,7
阿克苏,台州,1,9,10
阿克苏,义乌,1,6,7
阿克苏,武汉,1,50,51
阿克苏,东莞,1,19,20
阿克苏,乌鲁木齐,1,205,206
喀什,石家庄,1,7,8
喀什,常州,1,3,4
喀什,盐城,1,1,2
喀什,南通,1,3,4
喀什,青岛,1,8,9
喀什,杭州,1,8,9
喀什,重庆,1,16,17
喀什,襄阳,1,3,4
喀什,洛阳,1,5,6
喀什,海口,1,2,3
喀什,南充,1,12,13
喀什,内江,1,1,2
拉萨,太原,1,16,17
拉萨,常州,1,5,6
拉萨,衡阳,1,6,7
拉萨,荆州,1,2,3
拉萨,漯河,1,10,11
拉萨,汕头,1,3,4
拉萨,深圳,1,55,56
拉萨,南充,1,44,45
拉萨,内江,1,8,9
拉萨,西宁,1,23,24
沈阳,沈阳,597,5666,6263
南京,南京,152,1758,1910
无锡,常州,116,873,989
无锡,徐州,115,829,944
无锡,淮安,27,164,191
常州,南京,193,1863,2056
苏州,常州,159,1210,1369
苏州,南通,110,830,940
苏州,盐城,75,538,613
淮安,无锡,49,475,524
徐州,南通,87,1465,1552
盐城,无锡,59,322,381
盐城,南通,46,248,294
常州,常州,58,522,580
安庆,合肥,150,1570,1720
济南,济南,585,6441,7026
台州,嘉兴,135,463,598
福州,福州,155,2171,2326
泉州,厦门,97,2953,3050
长沙,衡阳,236,3480,3716
湛江,广州,82,2036,2118
石家庄,合肥,130,1486,1616
石家庄,杭州,129,1538,1667
石家庄,锦州,60,668,728
石家庄,南宁,152,1786,1938
石家庄,蚌埠,80,936,1016
石家庄,银川,85,948,1033
石家庄,乌鲁木齐,90,1075,1165
天津,北京,109,4476,4585
天津,沈阳,81,2928,3009
天津,济南,87,3673,3760
唐山,石家庄,27,315,342
唐山,广州,17,211,228
廊坊,南京,22,207,229
廊坊,合肥,23,204,227
廊坊,中山,20,159,179
保定,侯马,50,351,401
保定,汕头,31,234,265
保定,拉萨,21,170,191
沈阳,天津,179,1530,1709
沈阳,青岛,74,645,719
沈阳,信阳,36,269,305
沈阳,汕头,40,283,323
沈阳,兰州,66,526,592
长春,锦州,19,419,438
长春,漯河,11,215,226
哈尔滨,哈尔滨,288,10701,10989
南京,侯马,67,713,780
南京,长春,128,1498,1626
南京,青岛,129,1504,1633
南京,长沙,191,2327,2518
南京,信阳,82,921,1003
南京,南宁,130,1572,1702
南京,成都,286,3508,3794
扬州,厦门,31,320,351
扬州,广州,117,1279,1396
常州,信阳,101,986,1087
常州,漯河,102,974,1076
无锡,厦门,45,341,386
无锡,天津,98,772,870
无锡,长春,101,760,861
无锡,柳州,27,201,228
常州,沈阳,249,2502,2751
苏州,厦门,78,613,691
苏州,南充,54,392,446
苏州,昆明,105,846,951
苏州,西安,192,1512,1704
苏州,安庆,47,368,415
徐州,合肥,172,3292,3464
徐州,济南,308,5557,5865
徐州,杭州,177,3397,3574
徐州,郑州,264,4939,5203
徐州,宁波,105,1950,2055
连云港,长沙,61,432,493
连云港,西安,84,582,666
淮安,郑州,31,295,326
徐州,太原,139,2581,2720
盐城,南昌,48,256,304
盐城,芜湖,22,109,131
扬州,长春,49,488,537
扬州,福州,44,465,509
扬州,襄阳,16,141,157
扬州,湛江,15,165,180
扬州,成都,97,1036,1133
南通,呼和浩特,45,991,1036
南通,哈尔滨,50,1090,1140
南通,北京,51,1156,1207
南通,福州,60,1342,1402
南通,汕头,33,678,711
南通,湛江,26,558,584
南通,南充,19,410,429
合肥,沈阳,303,3201,3504
合肥,南京,178,1938,2116
合肥,徐州,139,1445,1584
合肥,安庆,116,1147,1263
合肥,金华,87,865,952
安庆,哈尔滨,137,1342,1479
安庆,太原,111,1138,1249
蚌埠,郑州,210,2217,2427
蚌埠,南京,99,985,1084
蚌埠,徐州,93,914,1007
蚌埠,呼和浩特,88,920,1008
蚌埠,长春,175,1916,2091
芜湖,锦州,20,225,245
芜湖,石家庄,66,774,840
芜湖,西安,109,1340,1449
安庆,大理州,29,271,300
潍坊,广州,51,819,870
潍坊,石家庄,31,427,458
潍坊,贵阳,27,404,431
潍坊,西安,48,726,774
青岛,济南,90,1239,1329
济宁,广州,52,1147,1199
济南,沈阳,330,3827,4157
临沂,锦州,11,129,140
临沂,天津,38,469,507
临沂,杭州,26,296,322
天津,锦州,17,540,557
杭州,石家庄,450,1052,1502
杭州,合肥,436,1014,1450
杭州,信阳,283,652,935
杭州,阿克苏,63,158,221
湖州,合肥,142,383,525
湖州,中山,121,320,441
湖州,柳州,79,207,286
湖州,成都,298,814,1112
湖州,西安,345,933,1278
湖州,兰州,129,353,482
嘉兴,长春,101,299,400
嘉兴,哈尔滨,121,348,469
嘉兴,南京,121,377,498
嘉兴,芜湖,40,115,155
嘉兴,长沙,175,548,723
嘉兴,洛阳,55,160,215
嘉兴,南充,44,124,168
嘉兴,呼和浩特,55,157,212
嘉兴,昆明,98,300,398
宁波,太原,135,1087,1222
宁波,汕头,109,874,983
宁波,湛江,65,522,587
宁波,西安,253,2038,2291
宁波,兰州,97,759,856
台州,沈阳,290,1007,1297
台州,蚌埠,164,596,760
台州,芜湖,94,328,422
台州,洛阳,113,397,510
台州,南宁,250,922,1172
台州,大理州,67,235,302
金华,南京,467,3638,4105
金华,长沙,601,4569,5170
金华,武汉,673,5051,5724
温州,呼和浩特,76,281,357
温州,武汉,304,1191,1495
温州,郑州,264,1082,1346
温州,汕头,131,545,676
温州,贵阳,214,836,1050
温州,蚌埠,110,440,550
温州,长春,143,545,688
温州,海口,78,315,393
南昌,信阳,104,1051,1155
南昌,中山,130,1506,1636
南昌,成都,278,3469,3747
南昌,杭州,154,2294,2448
福州,天津,80,975,1055
福州,合肥,67,873,940
泉州,杭州,53,1651,1704
泉州,锦州,12,353,365
泉州,侯马,23,631,654
泉州,南昌,58,1826,1884
重庆,银川,30,1000,1030
重庆,锦州,17,690,707
重庆,太原,37,1225,1262
重庆,石家庄,33,1201,1234
重庆,长春,53,1901,1954
重庆,蚌埠,16,603,619
重庆,郑州,50,1754,1804
重庆,汕头,23,807,830
重庆,贵阳,76,2801,2877
长沙,哈尔滨,158,2440,2598
长沙,锦州,50,707,757
长沙,沈阳,160,2594,2754
长沙,杭州,184,2803,2987
长沙,金华,81,1211,1292
长沙,厦门,117,1867,1984
长沙,广州,677,11299,11976
长沙,中山,178,2743,2921
长沙,湛江,88,1533,1621
长沙,昆明,196,3440,3636
长沙,兰州,126,2009,2135
武汉,石家庄,162,3329,3491
武汉,中山,143,2766,2909
武汉,济南,223,4762,4985
武汉,厦门,119,2520,2639
武汉,洛阳,75,1505,1580
武汉,汕头,101,2036,2137
武汉,南宁,178,3727,3905
洛阳,侯马,63,619,682
洛阳,漯河,67,581,648
洛阳,太原,100,1042,1142
洛阳,青岛,76,744,820
洛阳,襄阳,26,246,272
洛阳,柳州,45,428,473
洛阳,兰州,72,675,747
漯河,贵阳,46,1155,1201
漯河,哈尔滨,52,1469,1521
郑州,南京,135,2454,2589
郑州,常州,83,1465,1548
郑州,南充,94,1555,1649
郑州,乌鲁木齐,66,1277,1343
广州,南宁,395,4148,4543
广州,贵阳,232,2262,2494
广州,天津,153,1502,1655
汕头,徐州,24,159,183
湛江,漯河,10,170,180
中山,石家庄,56,637,693
中山,湛江,55,667,722
海口,广州,20,289,309
成都,石家庄,57,1329,1386
成都,济南,92,2083,2175
西安,广州,303,12508,12811
石家庄,廊坊,63,715,778
石家庄,潍坊,71,836,907
石家庄,温州,70,804,874
石家庄,湖州,25,291,316
天津,保定,20,630,650
天津,常州,15,440,455
天津,苏州,24,897,921
天津,济宁,16,630,646
天津,福州,21,693,714
天津,长沙,27,937,964
天津,海口,12,341,353
唐山,长春,13,162,175
唐山,南京,6,68,74
唐山,徐州,5,64,69
唐山,贵阳,6,71,77
唐山,成都,12,159,171
北京,常州,18,353,371
北京,南昌,38,785,823
廊坊,南通,9,81,90
廊坊,临沂,11,91,102
廊坊,深圳,25,236,261
廊坊,湖州,5,35,40
廊坊,台州,7,59,66
廊坊,赣州,6,54,60
保定,苏州,43,350,393
保定,盐城,13,115,128
保定,包头,10,67,77
北京,侯马,32,650,682
北京,北京,15,533,548
沈阳,武汉,79,595,674
沈阳,宁波,44,338,382
沈阳,南昌,50,354,404
沈阳,长沙,59,448,507
沈阳,衡阳,18,139,157
沈阳,中山,37,259,296
沈阳,南宁,45,349,394
沈阳,大理州,14,100,114
长春,侯马,12,274,286
长春,福州,11,273,284
长春,武汉,17,402,419
长春,汕头,8,200,208
长春,中山,12,235,247
哈尔滨,唐山,17,487,504
哈尔滨,锦州,16,456,472
哈尔滨,宁波,16,439,455
哈尔滨,南昌,14,442,456
哈尔滨,长沙,23,663,686
哈尔滨,武汉,26,810,836
哈尔滨,南宁,17,459,476
南京,赣州,35,393,428
南京,大理州,27,303,330
南京,宝鸡,13,137,150
扬州,保定,19,206,225
扬州,临沂,15,169,184
扬州,湖州,12,127,139
扬州,兰州,48,506,554
淮安,北京,39,435,474
淮安,济南,29,301,330
淮安,重庆,19,177,196
淮安,成都,27,284,311
常州,保定,60,608,668
无锡,廊坊,15,120,135
无锡,荆州,11,79,90
苏州,台州,57,469,526
苏州,廊坊,24,183,207
苏州,赣州,30,236,266
苏州,喀什,8,51,59
徐州,保定,70,1298,1368
徐州,常德,54,946,1000
连云港,大连,24,174,198
连云港,潍坊,22,160,182
连云港,义乌,7,48,55
连云港,赣州,14,89,103
连云港,常德,14,88,102
连云港,乌鲁木齐,9,58,67
淮安,长春,14,138,152
淮安,拉萨,8,74,82
淮安,侯马,8,73,81
淮安,保定,8,64,72
淮安,湖州,10,86,96
淮安,嘉兴,15,172,187
淮安,济宁,7,59,66
淮安,临沂,6,64,70
淮安,襄阳,7,59,66
徐州,宝鸡,19,344,363
盐城,上海,205,1287,1492
盐城,湖州,16,76,92
盐城,重庆,36,207,243
扬州,鹰潭,9,84,93
扬州,宝鸡,5,53,58
南通,唐山,13,277,290
南通,大连,14,304,318
南通,鹰潭,9,204,213
南通,重庆,45,998,1043
南通,内江,4,71,75
合肥,唐山,63,687,750
合肥,无锡,85,903,988
合肥,嘉兴,64,683,747
合肥,义乌,27,278,305
合肥,大理州,33,355,388
合肥,银川,94,1024,1118
安庆,唐山,35,333,368
安庆,大连,39,391,430
安庆,上海,209,2366,2575
安庆,淮安,18,196,214
安庆,泉州,58,589,647
安庆,衡阳,48,493,541
蚌埠,烟台,47,500,547
蚌埠,济宁,49,484,533
蚌埠,赣州,43,422,465
蚌埠,衡阳,66,689,755
蚌埠,襄阳,40,426,466
蚌埠,深圳,127,1358,1485
蚌埠,连云港,25,252,277
蚌埠,扬州,25,244,269
蚌埠,蚌埠,55,484,539
芜湖,杭州,56,673,729
芜湖,衡阳,31,343,374
芜湖,安庆,32,385,417
安庆,西宁,6,56,62
济南,包头,56,630,686
济南,唐山,72,807,879
济南,宁波,90,1034,1124
济南,长沙,192,2197,2389
济南,柳州,39,444,483
济南,嘉兴,46,535,581
潍坊,太原,24,373,397
潍坊,北京,82,1398,1480
潍坊,武汉,31,497,528
潍坊,赣州,6,75,81
潍坊,衡阳,7,108,115
青岛,烟台,22,322,344
青岛,郑州,44,618,662
青岛,温州,16,234,250
青岛,漯河,19,233,252
济宁,哈尔滨,39,839,878
济宁,无锡,10,188,198
济宁,宁波,13,265,278
济宁,郑州,34,748,782
临沂,呼和浩特,28,306,334
临沂,合肥,21,237,258
临沂,济南,56,696,752
临沂,宁波,15,172,187
临沂,温州,12,138,150
临沂,洛阳,15,157,172
临沂,深圳,23,280,303
济宁,烟台,11,220,231
临沂,包头,7,82,89
临沂,唐山,10,122,132
临沂,潍坊,13,153,166
临沂,南充,15,154,169
杭州,唐山,119,278,397
杭州,盐城,131,308,439
杭州,宝鸡,44,101,145
湖州,包头,14,36,50
湖州,太原,147,398,545
湖州,上海,191,531,722
湖州,无锡,56,151,207
湖州,金华,88,214,302
湖州,赣州,51,138,189
湖州,襄阳,38,100,138
湖州,宝鸡,22,57,79
嘉兴,扬州,30,92,122
嘉兴,深圳,106,345,451
嘉兴,包头,14,43,57
宁波,苏州,146,1259,1405
宁波,南通,58,471,529
宁波,烟台,55,443,498
金华,唐山,134,1012,1146
温州,上海,409,1802,2211
温州,南通,72,300,372
温州,泉州,121,517,638
温州,深圳,197,868,1065
南昌,南京,112,1457,1569
南昌,宁波,90,1268,1358
南昌,福州,150,2003,2153
南昌,长沙,218,2841,3059
南昌,温州,76,1058,1134
南昌,南通,45,580,625
南昌,芜湖,42,550,592
南昌,嘉兴,49,691,740
鹰潭,青岛,17,148,165
鹰潭,南充,12,98,110
鹰潭,徐州,11,96,107
鹰潭,烟台,7,55,62
鹰潭,阿克苏,4,29,33
福州,哈尔滨,94,1137,1231
福州,青岛,55,761,816
福州,侯马,41,415,456
福州,安庆,23,290,313
福州,荆州,11,141,152
厦门,呼和浩特,18,516,534
厦门,南京,36,1169,1205
厦门,乌鲁木齐,28,966,994
泉州,上海,82,2823,2905
泉州,重庆,44,1454,1498
泉州,洛阳,20,584,604
泉州,保定,16,418,434
泉州,安庆,13,380,393
泉州,大理州,9,278,287
厦门,金华,25,661,686
厦门,漯河,17,444,461
厦门,东莞,49,1600,1649
厦门,侯马,17,419,436
重庆,泉州,20,747,767
重庆,廊坊,7,259,266
重庆,安庆,12,427,439
重庆,嘉兴,13,512,525
重庆,常德,14,556,570
重庆,阿克苏,4,161,165
长沙,保定,60,946,1006
长沙,大连,37,566,603
长沙,重庆,175,2933,3108
长沙,拉萨,18,243,261
长沙,内江,16,251,267
常德,宁波,12,224,236
常德,柳州,7,122,129
常德,昆明,11,206,217
衡阳,长春,24,653,677
衡阳,重庆,31,876,907
衡阳,乌鲁木齐,11,361,372
衡阳,赣州,12,308,320
衡阳,洛阳,12,312,324
衡阳,无锡,11,276,287
衡阳,东莞,37,1102,1139
武汉,宁波,94,2005,2099
武汉,金华,64,1317,1381
武汉,长春,124,2399,2523
武汉,烟台,45,925,970
武汉,湖州,27,560,587
武汉,台州,45,982,1027
荆州,沈阳,21,192,213
荆州,苏州,19,178,197
荆州,合肥,19,157,176
荆州,武汉,39,367,406
武汉,拉萨,21,402,423
襄阳,侯马,13,269,282
襄阳,沈阳,34,728,762
襄阳,徐州,12,210,222
襄阳,安庆,7,119,126
襄阳,宁波,15,298,313
襄阳,金华,11,209,220
襄阳,郑州,27,553,580
襄阳,东莞,18,384,402
郑州,深圳,171,3244,3415
郑州,赣州,60,1041,1101
洛阳,廊坊,28,257,285
洛阳,上海,159,1795,1954
洛阳,嘉兴,30,331,361
漯河,大连,14,314,328
漯河,上海,54,1526,1580
漯河,临沂,15,350,365
漯河,南通,11,266,277
漯河,汕头,20,461,481
信阳,西安,73,966,1039
郑州,西宁,18,312,330
广州,深圳,412,4943,5355
广州,南充,85,821,906
广州,喀什,23,205,228
广州,拉萨,85,802,887
广州,嘉兴,46,457,503
广州,包头,28,278,306
汕头,南通,9,70,79
汕头,泉州,31,273,304
汕头,荆州,7,49,56
湛江,南充,9,180,189
湛江,蚌埠,5,137,142
中山,贵阳,61,749,810
中山,南京,37,507,544
中山,蚌埠,19,225,244
中山,宁波,29,401,430
贵阳,沈阳,12,290,302
贵阳,苏州,12,268,280
贵阳,厦门,9,177,186
贵阳,衡阳,7,156,163
贵阳,贵阳,323,10488,10811
贵阳,西安,14,384,398
海口,哈尔滨,8,128,136
海口,青岛,4,40,44
海口,杭州,6,80,86
海口,宁波,4,34,38
海口,西安,6,81,87
成都,沈阳,79,1907,1986
成都,苏州,49,1275,1324
成都,湖州,10,250,260
成都,嘉兴,19,468,487
成都,台州,18,456,474
成都,温州,29,754,783
成都,汕头,30,683,713
昆明,南昌,26,513,539
昆明,武汉,34,717,751
昆明,汕头,16,322,338
昆明,南通,7,139,146
昆明,烟台,7,145,152
西安,南京,58,2321,2379
西安,合肥,49,1892,1941
西安,宁波,50,1973,2023
西安,中山,79,3153,3232
西安,南宁,79,3076,3155
西安,成都,159,6398,6557
锦州,沈阳,32,692,724
芜湖,常州,22,261,283
信阳,芜湖,11,132,143
南宁,广州,99,7619,7718
南充,武汉,19,245,264
南充,汕头,10,140,150
呼和浩特,唐山,5,100,105
呼和浩特,长沙,8,197,205
呼和浩特,昆明,6,148,154
呼和浩特,青岛,7,213,220
呼和浩特,中山,4,96,100
呼和浩特,南宁,5,142,147
锦州,郑州,4,98,102
太原,石家庄,20,947,967
天津,连云港,6,179,185
天津,扬州,6,200,206
天津,义乌,4,98,102
天津,乌鲁木齐,20,868,888
天津,拉萨,4,119,123
沈阳,常德,13,94,107
长春,芜湖,5,95,100
哈尔滨,泉州,8,259,267
蚌埠,阿克苏,5,46,51
济南,盐城,32,403,435
济南,宝鸡,23,266,289
济南,拉萨,15,169,184
青岛,盐城,7,114,121
青岛,台州,9,136,145
鹰潭,安庆,6,50,56
福州,扬州,15,205,220
福州,阿克苏,7,97,104
衡阳,襄阳,8,210,218
襄阳,烟台,6,96,102
襄阳,临沂,6,90,96
襄阳,银川,5,83,88
漯河,芜湖,9,230,239
信阳,盐城,8,112,120
漯河,义乌,5,123,128
广州,义乌,22,221,243
汕头,内江,4,30,34
中山,安庆,10,138,148
中山,内江,5,50,55
中山,宝鸡,5,58,63
南宁,太原,11,861,872
南宁,天津,15,1123,1138
南宁,信阳,12,773,785
南宁,东莞,27,2127,2154
南宁,湛江,13,919,932
南宁,大理州,7,425,432
柳州,长春,3,84,87
柳州,上海,6,220,226
柳州,福州,4,172,176
贵阳,大连,6,90,96
贵阳,烟台,4,66,70
南充,沈阳,11,247,258
南充,杭州,13,165,178
南充,常州,6,68,74
南充,宁波,7,97,104
大理州,北京,10,389,399
大理州,长春,6,221,227
大理州,天津,8,260,268
大理州,福州,4,140,144
大理州,广州,10,450,460
大理州,深圳,5,216,221
大理州,东莞,4,131,135
大理州,成都,10,453,463
大理州,昆明,26,1126,1152
西安,鹰潭,12,461,473
义乌,上海,1221,10102,11323
义乌,台州,233,1913,2146
呼和浩特,漯河,4,119,123
呼和浩特,信阳,4,118,122
太原,青岛,14,673,687
太原,杭州,7,425,432
侯马,侯马,4,277,281
廊坊,西宁,9,77,86
北京,汕头,12,261,273
大连,锦州,5,58,63
大连,济南,14,143,157
大连,郑州,11,127,138
大连,信阳,4,39,43
上海,锦州,32,488,520
上海,长春,90,1349,1439
上海,安庆,29,429,458
上海,南昌,112,1699,1811
上海,洛阳,48,712,760
烟台,呼和浩特,8,194,202
烟台,南京,10,256,266
烟台,厦门,6,138,144
烟台,洛阳,6,128,134
青岛,柳州,5,53,58
济宁,芜湖,7,121,128
义乌,石家庄,575,4743,5318
义乌,天津,542,4469,5011
义乌,南京,493,4069,4562
义乌,贵阳,443,3629,4072
赣州,天津,8,609,617
赣州,武汉,11,798,809
赣州,郑州,14,940,954
常德,信阳,6,81,87
常德,汕头,7,120,127
衡阳,安庆,8,215,223
深圳,锦州,26,83,109
深圳,天津,83,267,350
深圳,常州,69,221,290
深圳,合肥,74,235,309
深圳,青岛,58,182,240
深圳,杭州,151,488,639
深圳,宁波,87,280,367
深圳,福州,165,530,695
深圳,厦门,113,361,474
深圳,漯河,54,171,225
深圳,西安,157,498,655
深圳,拉萨,53,168,221
东莞,呼和浩特,58,306,364
东莞,天津,127,678,805
东莞,洛阳,55,292,347
东莞,贵阳,154,806,960
东莞,海口,75,406,481
东莞,南充,56,296,352
南宁,锦州,3,196,199
南宁,常州,6,505,511
兰州,中山,7,155,162
兰州,西安,51,1215,1266
银川,西安,17,282,299
乌鲁木齐,漯河,4,141,145
乌鲁木齐,西安,12,593,605
呼和浩特,无锡,3,64,67
呼和浩特,盐城,1,29,30
呼和浩特,南通,2,44,46
呼和浩特,泉州,2,52,54
呼和浩特,荆州,1,22,23
呼和浩特,洛阳,3,96,99
呼和浩特,西宁,1,27,28
呼和浩特,乌鲁木齐,4,119,123
呼和浩特,阿克苏,1,22,23
包头,唐山,1,6,7
包头,北京,3,73,76
包头,连云港,1,5,6
包头,蚌埠,1,4,5
包头,芜湖,1,3,4
包头,鹰潭,1,1,2
包头,厦门,1,5,6
包头,东莞,1,7,8
包头,宝鸡,1,2,3
太原,廊坊,4,212,216
太原,常州,3,143,146
太原,盐城,2,67,69
太原,蚌埠,4,198,202
太原,台州,2,118,120
太原,义乌,1,60,61
太原,东莞,5,297,302
太原,宝鸡,2,76,78
侯马,沈阳,3,282,285
侯马,南京,2,150,152
侯马,盐城,1,39,40
侯马,济宁,1,71,72
侯马,湖州,1,40,41
侯马,重庆,3,217,220
侯马,长沙,4,306,310
侯马,大理州,1,32,33
侯马,银川,1,85,86
侯马,乌鲁木齐,1,54,55
唐山,连云港,2,20,22
唐山,台州,3,30,33
唐山,海口,2,23,25
唐山,拉萨,1,8,9
北京,喀什,1,18,19
大连,扬州,1,12,13
大连,合肥,4,50,54
大连,芜湖,2,16,18
大连,重庆,5,57,62
大连,襄阳,2,18,20
大连,东莞,4,44,48
大连,成都,9,106,115
大连,宝鸡,1,7,8
大连,拉萨,1,8,9
锦州,唐山,2,55,57
锦州,常州,1,20,21
锦州,芜湖,1,11,12
锦州,襄阳,1,10,11
锦州,东莞,1,30,31
锦州,内江,1,2,3
哈尔滨,荆州,2,54,56
哈尔滨,大理州,3,104,107
哈尔滨,宝鸡,2,61,63
上海,包头,30,465,495
上海,无锡,68,1056,1124
上海,南通,48,750,798
上海,泉州,59,915,974
上海,东莞,68,1051,1119
上海,内江,6,89,95
淮安,宝鸡,2,18,20
盐城,喀什,2,11,13
扬州,喀什,3,27,30
潍坊,宝鸡,3,44,47
烟台,扬州,3,59,62
烟台,安庆,3,68,71
烟台,泉州,4,102,106
烟台,重庆,9,224,233
烟台,东莞,8,204,212
烟台,昆明,4,86,90
烟台,兰州,6,153,159
青岛,鹰潭,4,52,56
济宁,廊坊,5,99,104
济宁,扬州,4,77,81
义乌,潍坊,253,2089,2342
义乌,重庆,356,2944,3300
义乌,常德,172,1418,1590
鹰潭,包头,4,38,42
赣州,廊坊,2,119,121
赣州,金华,3,231,234
赣州,洛阳,4,281,285
赣州,阿克苏,1,54,55
常德,保定,3,43,46
常德,连云港,3,41,44
常德,蚌埠,3,58,61
常德,青岛,5,94,99
常德,临沂,2,36,38
衡阳,包头,4,101,105
衡阳,扬州,4,124,128
衡阳,临沂,7,204,211
衡阳,荆州,4,105,109
衡阳,西宁,3,83,86
衡阳,拉萨,3,83,86
荆州,大理州,4,44,48
荆州,宝鸡,2,19,21
荆州,乌鲁木齐,8,86,94
襄阳,济宁,5,104,109
深圳,包头,14,46,60
深圳,廊坊,16,51,67
深圳,蚌埠,43,138,181
深圳,临沂,29,91,120
深圳,温州,85,274,359
深圳,东莞,225,731,956
东莞,包头,16,87,103
东莞,廊坊,24,128,152
东莞,连云港,21,110,131
东莞,扬州,20,108,128
东莞,安庆,28,148,176
东莞,济宁,37,200,237
东莞,湖州,18,97,115
湛江,义乌,2,57,59
湛江,宝鸡,2,42,44
中山,拉萨,7,101,108
南宁,保定,5,358,363
南宁,无锡,6,479,485
柳州,盐城,1,24,25
柳州,赣州,1,51,52
柳州,漯河,2,73,75
柳州,大理州,1,59,60
柳州,西宁,1,11,12
柳州,喀什,1,4,5
贵阳,包头,1,28,29
贵阳,唐山,2,52,54
贵阳,湖州,3,77,80
贵阳,义乌,3,82,85
贵阳,内江,2,30,32
海口,呼和浩特,2,20,22
海口,无锡,2,26,28
海口,南通,2,21,23
海口,临沂,1,11,12
海口,义乌,1,14,15
海口,常德,2,23,25
海口,衡阳,2,32,34
成都,荆州,7,194,201
南充,唐山,3,47,50
南充,蚌埠,4,61,65
南充,芜湖,3,41,44
南充,烟台,3,42,45
南充,嘉兴,4,56,60
南充,金华,5,72,77
南充,衡阳,5,70,75
南充,阿克苏,1,6,7
内江,徐州,2,49,51
内江,连云港,1,19,20
内江,青岛,2,78,80
内江,济宁,1,24,25
内江,杭州,3,109,112
内江,泉州,2,61,63
内江,武汉,4,177,181
内江,汕头,3,97,100
内江,东莞,3,103,106
内江,西宁,1,4,5
昆明,廊坊,4,70,74
昆明,淮安,2,39,41
昆明,扬州,4,85,89
大理州,唐山,2,45,47
大理州,金华,2,50,52
大理州,义乌,1,18,19
大理州,衡阳,2,62,64
大理州,襄阳,1,25,26
大理州,漯河,2,44,46
大理州,汕头,2,79,81
大理州,阿克苏,1,8,9
西安,淮安,6,243,249
宝鸡,侯马,1,121,122
宝鸡,石家庄,2,276,278
宝鸡,大连,1,113,114
宝鸡,扬州,1,77,78
宝鸡,南通,1,83,84
宝鸡,芜湖,1,96,97
宝鸡,潍坊,1,96,97
宝鸡,烟台,1,85,86
宝鸡,临沂,1,63,64
宝鸡,湖州,1,62,63
宝鸡,赣州,1,97,98
宝鸡,厦门,1,194,195
宝鸡,长沙,3,497,500
宝鸡,柳州,1,124,125
宝鸡,海口,1,189,190
宝鸡,银川,1,149,150
宝鸡,阿克苏,1,13,14
兰州,盐城,1,21,22
兰州,湖州,1,26,27
兰州,襄阳,1,35,36
兰州,柳州,3,68,71
兰州,成都,15,530,545
银川,包头,3,36,39
银川,廊坊,1,13,14
银川,南京,4,48,52
银川,烟台,2,17,19
银川,义乌,2,23,25
银川,福州,5,53,58
银川,洛阳,2,21,23
银川,大理州,1,12,13
银川,宝鸡,1,10,11
西宁,石家庄,2,49,51
西宁,长春,1,31,32
西宁,苏州,1,40,41
西宁,连云港,1,6,7
西宁,济南,2,77,79
西宁,临沂,1,14,15
西宁,宁波,1,21,22
西宁,武汉,2,66,68
西宁,湛江,1,5,6
西宁,昆明,1,33,34
西宁,宝鸡,1,10,11
乌鲁木齐,侯马,1,46,47
乌鲁木齐,廊坊,1,28,29
乌鲁木齐,蚌埠,2,92,94
乌鲁木齐,天津,3,178,181
乌鲁木齐,义乌,1,53,54
乌鲁木齐,南昌,2,97,99
乌鲁木齐,长沙,4,213,217
乌鲁木齐,洛阳,1,60,61
乌鲁木齐,深圳,4,221,225
乌鲁木齐,南宁,2,82,84
阿克苏,廊坊,1,3,4
阿克苏,大连,1,16,17
阿克苏,哈尔滨,1,24,25
阿克苏,安庆,1,4,5
阿克苏,潍坊,1,7,8
阿克苏,青岛,1,23,24
阿克苏,鹰潭,1,4,5
阿克苏,泉州,1,16,17
阿克苏,南宁,1,12,13
阿克苏,内江,1,5,6
喀什,呼和浩特,1,3,4
喀什,台州,1,2,3
喀什,汕头,1,2,3
喀什,南宁,1,8,9
喀什,大理州,1,2,3
喀什,银川,1,10,11
喀什,西宁,1,4,5
拉萨,南京,1,9,10
拉萨,合肥,1,10,11
拉萨,青岛,1,7,8
拉萨,福州,1,10,11
拉萨,银川,1,7,8
拉萨,乌鲁木齐,1,14,15
保定,唐山,56,424,480
保定,天津,140,1170,1310
沈阳,大连,127,1269,1396
沈阳,锦州,115,982,1097
南京,徐州,175,2092,2267
南京,连云港,59,685,744
常州,苏州,214,2098,2312
淮安,徐州,52,524,576
盐城,南京,105,575,680
常州,盐城,62,555,617
南通,南京,114,2536,2650
合肥,合肥,162,1487,1649
杭州,金华,483,1021,1504
湖州,宁波,103,264,367
宁波,湖州,60,413,473
宁波,温州,154,1198,1352
金华,杭州,898,6586,7484
金华,湖州,150,1052,1202
金华,嘉兴,276,1931,2207
温州,台州,131,491,622
温州,金华,180,665,845
武汉,武汉,510,9352,9862
广州,湛江,156,1672,1828
石家庄,信阳,122,1338,1460
石家庄,厦门,93,1042,1135
石家庄,呼和浩特,129,1422,1551
石家庄,贵阳,216,2514,2730
石家庄,金华,59,675,734
石家庄,大理州,33,357,390
天津,石家庄,58,1710,1768
天津,天津,42,1206,1248
天津,广州,55,1898,1953
唐山,天津,65,840,905
唐山,北京,38,475,513
廊坊,石家庄,53,492,545
廊坊,北京,111,1104,1215
廊坊,锦州,12,104,116
廊坊,沈阳,68,578,646
廊坊,武汉,48,441,489
廊坊,湛江,12,98,110
廊坊,南宁,27,253,280
廊坊,柳州,12,104,116
廊坊,成都,54,492,546
保定,厦门,31,220,251
保定,郑州,149,1271,1420
保定,贵阳,109,924,1033
保定,哈尔滨,97,778,875
保定,杭州,41,332,373
保定,阿克苏,34,271,305
保定,武汉,75,643,718
保定,西宁,13,95,108
北京,贵阳,42,826,868
沈阳,石家庄,137,1138,1275
沈阳,广州,145,1125,1270
沈阳,银川,54,387,441
沈阳,乌鲁木齐,51,358,409
长春,广州,41,1051,1092
哈尔滨,天津,62,1886,1948
南京,北京,249,3269,3518
南京,蚌埠,93,1111,1204
南京,合肥,189,2368,2557
南京,济南,230,2595,2825
南京,宁波,119,1507,1626
南京,厦门,105,1253,1358
南京,南充,66,744,810
南京,西安,201,2404,2605
扬州,锦州,16,166,182
常州,济南,278,2802,3080
无锡,侯马,45,329,374
无锡,南昌,67,505,572
无锡,阿克苏,10,64,74
常州,合肥,163,1678,1841
苏州,合肥,146,1195,1341
苏州,杭州,221,1874,2095
苏州,太原,95,747,842
苏州,南昌,114,876,990
苏州,兰州,86,676,762
苏州,阿克苏,26,198,224
徐州,石家庄,207,3849,4056
徐州,南宁,163,3013,3176
徐州,柳州,67,1146,1213
徐州,成都,302,5507,5809
连云港,太原,25,167,192
连云港,侯马,14,90,104
连云港,合肥,46,325,371
连云港,青岛,48,343,391
淮安,沈阳,27,252,279
淮安,合肥,36,366,402
淮安,南昌,29,294,323
徐州,兰州,118,2109,2227
盐城,济南,131,718,849
盐城,杭州,74,420,494
盐城,漯河,44,223,267
盐城,湛江,22,106,128
盐城,宁波,44,256,300
扬州,乌鲁木齐,36,409,445
常州,长春,157,1566,1723
常州,青岛,135,1389,1524
常州,金华,72,699,771
常州,海口,72,714,786
南通,石家庄,46,1000,1046
南通,洛阳,26,543,569
南通,拉萨,18,409,427
合肥,呼和浩特,141,1477,1618
合肥,哈尔滨,227,2436,2663
合肥,天津,242,2643,2885
合肥,蚌埠,173,1805,1978
合肥,杭州,201,2223,2424
合肥,武汉,354,3953,4307
合肥,成都,399,4321,4720
安庆,北京,99,1009,1108
安庆,芜湖,56,542,598
安庆,厦门,82,747,829
安庆,信阳,78,735,813
安庆,柳州,55,512,567
蚌埠,汕头,89,846,935
蚌埠,侯马,87,866,953
蚌埠,常州,63,579,642
蚌埠,南充,70,640,710
合肥,南充,101,1026,1127
芜湖,合肥,86,1072,1158
潍坊,天津,33,497,530
青岛,天津,40,605,645
临沂,郑州,47,545,592
临沂,沈阳,49,579,628
杭州,呼和浩特,202,453,655
杭州,太原,358,820,1178
杭州,南京,451,1052,1503
杭州,洛阳,200,459,659
杭州,漯河,274,610,884
杭州,兰州,239,576,815
湖州,锦州,38,96,134
湖州,南昌,167,451,618
湖州,厦门,106,280,386
嘉兴,太原,97,290,387
嘉兴,侯马,57,165,222
嘉兴,信阳,78,226,304
嘉兴,阿克苏,27,74,101
宁波,沈阳,211,1650,1861
宁波,侯马,80,627,707
宁波,长春,138,1107,1245
宁波,济南,301,2381,2682
宁波,柳州,77,596,673
宁波,海口,80,677,757
台州,哈尔滨,235,811,1046
台州,石家庄,229,827,1056
台州,长春,191,665,856
台州,南京,232,845,1077
台州,福州,311,1120,1431
台州,厦门,208,754,962
台州,长沙,384,1403,1787
台州,武汉,382,1361,1743
台州,中山,215,766,981
金华,济南,880,6672,7552
金华,成都,744,5615,6359
金华,阿克苏,44,317,361
温州,哈尔滨,192,733,925
温州,南京,170,708,878
温州,常州,106,432,538
温州,南昌,219,849,1068
温州,南宁,204,837,1041
温州,成都,329,1271,1600
温州,安庆,63,240,303
温州,银川,52,217,269
南昌,锦州,41,342,383
南昌,呼和浩特,102,842,944
南昌,侯马,79,781,860
南昌,洛阳,67,724,791
南昌,柳州,75,778,853
南昌,长春,122,1075,1197
南昌,阿克苏,39,205,244
福州,广州,296,4098,4394
福州,石家庄,91,953,1044
福州,柳州,40,427,467
福州,南充,34,373,407
厦门,厦门,56,1707,1763
泉州,南宁,52,1674,1726
泉州,乌鲁木齐,54,1704,1758
重庆,哈尔滨,72,2693,2765
重庆,沈阳,69,2414,2483
重庆,南京,31,1089,1120
重庆,青岛,35,1196,1231
重庆,漯河,21,667,688
重庆,湛江,15,539,554
长沙,石家庄,175,2612,2787
长沙,合肥,136,2161,2297
长沙,郑州,238,3672,3910
长沙,贵阳,283,5033,5316
长沙,成都,350,5576,5926
长沙,阿克苏,26,308,334
武汉,锦州,44,899,943
武汉,南京,118,2562,2680
武汉,柳州,76,1469,1545
武汉,成都,331,7439,7770
武汉,昆明,161,3323,3484
武汉,大理州,42,770,812
武汉,乌鲁木齐,121,2264,2385
郑州,南昌,217,3933,4150
郑州,武汉,304,5851,6155
郑州,呼和浩特,141,2399,2540
洛阳,北京,216,2096,2312
洛阳,贵阳,128,1240,1368
洛阳,长沙,115,1258,1373
洛阳,武汉,121,1340,1461
漯河,天津,44,1088,1132
漯河,信阳,40,804,844
信阳,广州,99,1399,1498
郑州,成都,336,6208,6544
郑州,银川,94,1580,1674
广州,西安,263,2597,2860
汕头,沈阳,41,343,384
汕头,天津,49,337,386
汕头,青岛,28,218,246
汕头,杭州,30,221,251
汕头,南昌,52,439,491
汕头,福州,72,575,647
汕头,厦门,45,367,412
汕头,长沙,99,840,939
汕头,漯河,28,173,201
汕头,乌鲁木齐,50,401,451
广州,石家庄,149,1449,1598
湛江,汕头,15,326,341
中山,哈尔滨,62,705,767
昆明,杭州,33,658,691
西安,西安,293,9734,10027
石家庄,重庆,148,1791,1939
石家庄,无锡,61,722,783
石家庄,东莞,114,1421,1535
天津,临沂,17,653,670
天津,嘉兴,8,231,239
天津,金华,10,290,300
天津,厦门,14,413,427
天津,武汉,33,1216,1249
天津,襄阳,8,210,218
天津,中山,17,485,502
天津,深圳,21,722,743
唐山,芜湖,3,26,29
唐山,烟台,4,42,46
唐山,兰州,6,59,65
北京,苏州,30,647,677
北京,徐州,23,480,503
北京,重庆,41,974,1015
北京,洛阳,25,557,582
廊坊,无锡,12,103,115
廊坊,潍坊,12,109,121
廊坊,包头,7,60,67
廊坊,连云港,5,44,49
廊坊,金华,10,91,101
廊坊,内江,3,20,23
保定,海口,29,242,271
保定,烟台,32,262,294
保定,金华,21,169,190
保定,大理州,14,111,125
北京,赣州,11,230,241
北京,福州,39,841,880
北京,银川,24,476,500
沈阳,烟台,35,266,301
沈阳,金华,38,274,312
沈阳,南充,24,153,177
沈阳,拉萨,9,60,69
长春,潍坊,10,248,258
长春,兰州,14,384,398
哈尔滨,北京,89,3061,3150
哈尔滨,烟台,16,485,501
哈尔滨,临沂,12,327,339
南京,保定,47,574,621
南京,济宁,44,507,551
南京,湖州,37,441,478
南京,温州,91,1156,1247
南京,常德,38,450,488
扬州,廊坊,11,114,125
扬州,上海,133,1585,1718
扬州,烟台,15,156,171
扬州,温州,31,340,371
扬州,常德,14,144,158
常州,大连,55,547,602
常州,临沂,51,522,573
常州,东莞,102,1048,1150
常州,银川,51,509,560
无锡,烟台,33,257,290
无锡,温州,55,435,490
无锡,昆明,55,431,486
无锡,拉萨,7,51,58
苏州,湖州,38,298,336
苏州,荆州,17,131,148
徐州,台州,53,947,1000
徐州,东莞,125,2467,2592
徐州,包头,31,507,538
徐州,荆州,22,403,425
徐州,拉萨,9,128,137
连云港,湖州,10,59,69
连云港,大理州,10,57,67
淮安,柳州,10,71,81
盐城,哈尔滨,47,275,322
盐城,潍坊,30,167,197
盐城,台州,23,127,150
盐城,泉州,23,125,148
盐城,长沙,59,318,377
盐城,洛阳,33,180,213
盐城,义乌,9,50,59
盐城,阿克苏,10,46,56
常州,廊坊,35,357,392
常州,内江,12,112,124
南通,保定,17,368,385
南通,烟台,20,437,457
南通,嘉兴,31,670,701
南通,大理州,10,221,231
合肥,保定,77,842,919
合肥,苏州,170,1890,2060
合肥,盐城,52,534,586
合肥,南通,64,687,751
合肥,宁波,120,1294,1414
合肥,台州,60,646,706
合肥,宝鸡,27,271,298
安庆,济宁,35,357,392
安庆,湖州,26,255,281
安庆,温州,68,741,809
蚌埠,兰州,91,994,1085
蚌埠,银川,74,738,812
蚌埠,包头,28,272,300
蚌埠,荆州,16,162,178
芜湖,厦门,36,420,456
芜湖,汕头,38,446,484
芜湖,兰州,48,620,668
芜湖,包头,15,167,182
芜湖,唐山,18,236,254
济南,北京,544,6488,7032
济南,温州,78,867,945
济南,昆明,97,1155,1252
济南,襄阳,46,484,530
潍坊,长春,23,361,384
潍坊,苏州,22,328,350
潍坊,南宁,13,188,201
潍坊,兰州,31,503,534
潍坊,常州,13,170,183
潍坊,南通,8,106,114
潍坊,湛江,7,108,115
潍坊,柳州,5,72,77
潍坊,南充,9,130,139
潍坊,大理州,4,53,57
青岛,南京,29,389,418
青岛,武汉,41,597,638
青岛,信阳,21,256,277
青岛,西安,52,776,828
青岛,呼和浩特,39,503,542
青岛,无锡,14,195,209
青岛,徐州,21,287,308
青岛,兰州,33,449,482
青岛,唐山,12,170,182
青岛,保定,14,195,209
济宁,侯马,16,287,303
济宁,天津,31,648,679
济宁,杭州,23,446,469
济宁,金华,11,190,201
临沂,青岛,29,336,365
临沂,南昌,23,282,305
临沂,长沙,36,420,456
临沂,汕头,16,179,195
济宁,潍坊,12,249,261
济宁,南充,12,205,217
临沂,廊坊,7,84,91
临沂,济宁,12,135,147
临沂,襄阳,8,86,94
临沂,南宁,9,104,113
杭州,扬州,101,231,332
杭州,烟台,133,309,442
杭州,内江,29,66,95
杭州,喀什,18,43,61
湖州,大连,33,85,118
湖州,连云港,35,93,128
湖州,盐城,46,119,165
湖州,台州,61,152,213
湖州,荆州,19,51,70
嘉兴,上海,431,1434,1865
嘉兴,无锡,67,215,282
嘉兴,烟台,42,133,175
嘉兴,西宁,19,56,75
嘉兴,拉萨,18,51,69
宁波,包头,20,149,169
宁波,唐山,46,368,414
宁波,保定,58,484,542
宁波,上海,317,2774,3091
宁波,连云港,32,257,289
宁波,宝鸡,18,140,158
台州,无锡,130,480,610
台州,连云港,61,220,281
台州,扬州,54,197,251
台州,内江,19,62,81
台州,喀什,10,33,43
金华,盐城,143,1109,1252
温州,内江,13,49,62
南昌,昆明,166,1848,2014
南昌,唐山,40,441,481
南昌,无锡,54,771,825
南昌,赣州,49,623,672
南昌,宝鸡,16,186,202
鹰潭,南昌,31,262,293
鹰潭,贵阳,32,300,332
鹰潭,昆明,28,286,314
鹰潭,兰州,16,156,172
鹰潭,无锡,7,59,66
鹰潭,中山,16,132,148
福州,北京,138,2521,2659
福州,温州,53,660,713
福州,呼和浩特,35,475,510
福州,潍坊,25,290,315
福州,济宁,26,257,283
福州,赣州,28,343,371
福州,常德,21,297,318
厦门,苏州,38,1224,1262
厦门,南昌,48,1534,1582
厦门,郑州,37,1143,1180
厦门,中山,45,1392,1437
厦门,成都,62,2112,2174
厦门,昆明,23,720,743
泉州,嘉兴,17,489,506
泉州,宁波,30,952,982
泉州,台州,18,473,491
泉州,温州,26,837,863
泉州,东莞,80,2735,2815
泉州,烟台,16,445,461
泉州,喀什,5,134,139
厦门,信阳,19,495,514
重庆,深圳,47,1802,1849
重庆,唐山,10,353,363
重庆,湖州,7,279,286
重庆,台州,13,485,498
重庆,鹰潭,8,269,277
重庆,内江,7,224,231
重庆,宝鸡,5,182,187
长沙,廊坊,37,546,583
长沙,淮安,19,292,311
长沙,扬州,31,414,445
长沙,潍坊,50,764,814
长沙,嘉兴,61,873,934
长沙,温州,92,1428,1520
长沙,泉州,86,1459,1545
长沙,宝鸡,20,296,316
常德,呼和浩特,9,156,165
常德,北京,45,878,923
衡阳,昆明,37,1072,1109
衡阳,嘉兴,11,269,280
武汉,东莞,138,2884,3022
武汉,扬州,27,598,625
荆州,太原,17,154,171
荆州,济南,31,264,295
荆州,无锡,9,88,97
襄阳,上海,72,1699,1771
襄阳,济南,29,615,644
襄阳,天津,28,608,636
襄阳,衡阳,9,168,177
襄阳,漯河,12,222,234
襄阳,贵阳,15,288,303
襄阳,南充,8,131,139
郑州,宁波,112,2014,2126
郑州,南通,54,944,998
郑州,湖州,34,633,667
洛阳,宁波,52,582,634
洛阳,台州,25,284,309
洛阳,衡阳,38,403,441
漯河,保定,15,390,405
漯河,合肥,30,661,691
漯河,洛阳,24,560,584
漯河,大理州,10,232,242
漯河,厦门,22,529,551
信阳,石家庄,52,729,781
信阳,合肥,30,382,412
信阳,侯马,27,321,348
信阳,洛阳,23,303,326
信阳,东莞,28,394,422
信阳,柳州,19,237,256
广州,徐州,78,756,834
广州,金华,65,662,727
广州,温州,78,808,886
广州,泉州,147,1416,1563
广州,洛阳,65,612,677
汕头,呼和浩特,21,192,213
汕头,大连,10,70,80
汕头,台州,12,86,98
汕头,襄阳,12,94,106
汕头,海口,31,270,301
汕头,拉萨,11,74,85
广州,廊坊,30,289,319
湛江,哈尔滨,14,347,361
湛江,青岛,10,226,236
湛江,重庆,15,379,394
湛江,侯马,6,131,137
湛江,唐山,4,84,88
湛江,常州,7,145,152
湛江,常德,5,118,123
湛江,襄阳,5,96,101
湛江,洛阳,5,110,115
湛江,大理州,5,106,111
中山,南宁,91,1248,1339
中山,上海,84,1180,1264
中山,济南,72,876,948
中山,长沙,82,1097,1179
中山,郑州,58,753,811
中山,呼和浩特,32,321,353
中山,湖州,10,109,119
中山,赣州,16,206,222
中山,重庆,46,615,661
中山,常德,16,216,232
中山,襄阳,14,168,182
贵阳,无锡,6,125,131
海口,厦门,4,42,46
海口,重庆,6,75,81
海口,郑州,5,70,75
成都,长沙,85,2200,2285
成都,青岛,44,1043,1087
成都,唐山,15,372,387
成都,徐州,32,730,762
成都,盐城,13,305,318
成都,南通,16,408,424
成都,柳州,29,621,650
昆明,呼和浩特,17,288,305
昆明,石家庄,19,364,383
昆明,大连,12,216,228
昆明,宁波,17,337,354
昆明,福州,29,722,751
昆明,侯马,9,155,164
昆明,常州,11,213,224
昆明,襄阳,7,107,114
昆明,柳州,13,251,264
西安,南昌,81,3093,3174
西安,湛江,35,1337,1372
西安,昆明,51,1947,1998
西安,太原,114,3531,3645
西安,石家庄,45,1688,1733
西安,锦州,13,467,480
西安,兰州,89,2821,2910
衡阳,衡阳,31,898,929
南充,广州,38,632,670
西安,金华,33,1335,1368
呼和浩特,太原,15,355,370
锦州,天津,6,178,184
锦州,成都,3,70,73
太原,沈阳,14,691,705
太原,长春,10,479,489
太原,济南,22,1084,1106
太原,成都,11,650,661
天津,鹰潭,4,105,109
天津,宝鸡,4,128,132
长春,连云港,5,100,105
长春,嘉兴,6,139,145
哈尔滨,盐城,5,122,127
哈尔滨,南通,7,168,175
哈尔滨,济宁,9,261,270
哈尔滨,湛江,6,125,131
芜湖,廊坊,11,143,154
芜湖,南通,14,175,189
芜湖,赣州,16,202,218
济南,淮安,17,197,214
济南,内江,13,132,145
青岛,连云港,6,87,93
青岛,安庆,7,109,116
青岛,湖州,6,77,83
青岛,襄阳,8,95,103
青岛,银川,11,146,157
南昌,荆州,20,242,262
南昌,内江,12,146,158
福州,拉萨,5,83,88
厦门,保定,10,297,307
厦门,淮安,6,153,159
厦门,荆州,7,158,165
衡阳,芜湖,9,215,224
襄阳,兰州,6,120,126
武汉,宝鸡,16,371,387
漯河,烟台,10,286,296
信阳,烟台,14,195,209
信阳,济宁,14,196,210
信阳,赣州,10,140,150
信阳,淮安,4,54,58
广州,连云港,22,218,240
南宁,沈阳,13,1221,1234
南宁,哈尔滨,14,1244,1258
南宁,济南,23,1551,1574
南宁,南昌,21,1636,1657
柳州,南京,3,90,93
柳州,苏州,3,109,112
柳州,天津,3,89,92
贵阳,大理州,6,111,117
贵阳,临沂,4,66,70
贵阳,漯河,4,110,114
南充,石家庄,10,163,173
南充,重庆,18,477,495
南充,郑州,12,189,201
南充,东莞,11,177,188
南充,厦门,7,105,112
成都,扬州,10,250,260
大理州,武汉,5,188,193
西安,廊坊,10,395,405
西安,烟台,13,541,554
西安,临沂,10,398,408
西安,赣州,24,1001,1025
西安,荆州,8,306,314
西安,襄阳,15,573,588
深圳,湛江,94,290,384
乌鲁木齐,阿克苏,32,1496,1528
大连,哈尔滨,35,386,421
上海,太原,90,1343,1433
上海,常州,68,1047,1115
上海,芜湖,34,504,538
上海,青岛,114,1769,1883
上海,南宁,92,1409,1501
上海,兰州,99,1472,1571
上海,乌鲁木齐,112,1691,1803
上海,阿克苏,18,270,288
烟台,福州,10,216,226
烟台,汕头,7,140,147
烟台,湛江,4,72,76
义乌,青岛,511,4224,4735
义乌,厦门,387,3201,3588
义乌,汕头,383,3152,3535
义乌,湛江,233,1921,2154
义乌,南宁,445,3680,4125
义乌,昆明,350,2879,3229
赣州,石家庄,11,759,770
赣州,合肥,6,390,396
赣州,信阳,6,348,354
赣州,贵阳,10,643,653
襄阳,锦州,5,90,95
洛阳,阿克苏,5,27,32
深圳,济南,138,444,582
深圳,洛阳,45,144,189
深圳,柳州,66,210,276
深圳,昆明,144,462,606
深圳,兰州,60,191,251
南宁,蚌埠,8,561,569
南宁,洛阳,6,460,466
南充,信阳,7,83,90
西安,阿克苏,20,521,541
兰州,厦门,5,107,112
银川,锦州,3,26,29
银川,银川,37,1021,1058
呼和浩特,常州,2,56,58
呼和浩特,连云港,1,27,28
呼和浩特,济宁,2,65,67
呼和浩特,临沂,3,76,79
呼和浩特,柳州,2,60,62
呼和浩特,内江,1,16,17
呼和浩特,大理州,2,64,66
包头,侯马,1,11,12
包头,大连,1,12,13
包头,锦州,1,16,17
包头,长春,2,30,32
包头,盐城,1,4,5
包头,安庆,1,2,3
包头,临沂,1,4,5
包头,湖州,1,3,4
包头,义乌,1,5,6
包头,南昌,1,8,9
包头,重庆,1,7,8
包头,荆州,1,1,2
包头,深圳,1,12,13
包头,昆明,1,9,10
包头,西宁,1,2,3
太原,淮安,1,33,34
太原,潍坊,5,229,234
太原,烟台,5,269,274
太原,鹰潭,1,51,52
太原,泉州,3,164,167
太原,常德,2,87,89
太原,衡阳,2,139,141
太原,中山,4,287,291
侯马,北京,7,764,771
侯马,哈尔滨,3,307,310
侯马,无锡,1,86,87
侯马,烟台,1,74,75
侯马,宁波,2,119,121
侯马,广州,6,565,571
侯马,深圳,3,228,231
侯马,昆明,2,130,132
侯马,西安,5,489,494
侯马,拉萨,1,14,15
唐山,包头,2,20,22
唐山,襄阳,2,24,26
唐山,湛江,2,21,23
唐山,西宁,1,13,14
北京,盐城,9,202,211
北京,湖州,5,111,116
北京,荆州,4,96,100
北京,内江,3,59,62
大连,南京,5,58,63
大连,苏州,5,56,61
大连,临沂,3,37,40
大连,长沙,7,73,80
大连,深圳,8,89,97
大连,内江,1,3,4
锦州,湖州,1,10,11
锦州,厦门,1,21,22
锦州,常德,1,8,9
锦州,漯河,1,34,35
锦州,柳州,1,12,13
哈尔滨,赣州,3,94,97
上海,大连,47,726,773
上海,苏州,141,2206,2347
上海,扬州,26,392,418
上海,西宁,19,293,312
连云港,喀什,1,3,4
连云港,拉萨,3,18,21
盐城,宝鸡,5,28,33
济南,喀什,4,53,57
潍坊,喀什,1,9,10
烟台,潍坊,8,198,206
烟台,温州,6,158,164
烟台,衡阳,4,97,101
烟台,柳州,2,44,46
烟台,阿克苏,1,9,10
青岛,阿克苏,3,44,47
青岛,喀什,1,12,13
济宁,盐城,5,104,109
济宁,赣州,5,107,112
济宁,西宁,1,24,25
济宁,拉萨,1,23,24
临沂,连云港,6,69,75
临沂,内江,2,26,28
临沂,拉萨,3,33,36
湖州,拉萨,12,32,44
义乌,唐山,154,1270,1424
义乌,盐城,174,1439,1613
义乌,衡阳,270,2221,2491
义乌,深圳,576,4769,5345
鹰潭,湖州,3,29,32
赣州,唐山,3,181,184
赣州,沈阳,11,903,914
赣州,常州,3,215,218
赣州,潍坊,3,208,211
赣州,宁波,4,294,298
赣州,长沙,10,748,758
赣州,昆明,9,683,692
赣州,乌鲁木齐,3,215,218
厦门,内江,3,86,89
厦门,拉萨,3,124,127
重庆,喀什,1,40,41
常德,大理州,3,49,52
常德,西宁,1,11,12
常德,喀什,1,3,4
衡阳,潍坊,7,213,220
衡阳,义乌,5,141,146
荆州,大连,5,47,52
荆州,济宁,5,51,56
荆州,常德,7,69,76
荆州,银川,6,64,70
荆州,喀什,1,4,5
襄阳,连云港,3,58,61
襄阳,内江,2,26,28
襄阳,宝鸡,2,40,42
襄阳,乌鲁木齐,4,92,96
襄阳,阿克苏,1,18,19
漯河,荆州,4,97,101
信阳,喀什,1,12,13
深圳,大连,24,75,99
深圳,扬州,28,89,117
深圳,安庆,29,94,123
深圳,潍坊,27,86,113
深圳,常德,55,177,232
深圳,喀什,8,23,31
东莞,上海,158,857,1015
东莞,南通,35,186,221
东莞,临沂,46,246,292
东莞,嘉兴,36,192,228
东莞,义乌,15,79,94
东莞,宝鸡,12,60,72
东莞,阿克苏,21,113,134
湛江,包头,2,39,41
湛江,喀什,1,3,4
南宁,淮安,2,123,125
南宁,义乌,3,209,212
南宁,鹰潭,3,252,255
南宁,银川,3,267,270
南宁,阿克苏,1,75,76
柳州,临沂,1,30,31
柳州,义乌,1,35,36
柳州,泉州,2,85,87
柳州,常德,1,54,55
柳州,襄阳,1,31,32
柳州,银川,1,25,26
柳州,拉萨,1,14,15
贵阳,济宁,3,65,68
贵阳,乌鲁木齐,3,80,83
贵阳,拉萨,2,33,35
海口,侯马,2,23,25
海口,徐州,3,32,35
海口,湛江,3,36,39
南充,包头,2,29,31
南充,廊坊,2,30,32
南充,南通,3,40,43
南充,台州,3,51,54
南充,义乌,2,29,31
南充,鹰潭,2,25,27
南充,洛阳,4,61,65
内江,呼和浩特,2,54,56
内江,太原,3,102,105
内江,石家庄,2,74,76
内江,大连,1,23,24
内江,上海,4,153,157
内江,无锡,1,45,46
内江,苏州,2,86,88
内江,扬州,1,18,19
内江,南通,1,31,32
内江,蚌埠,1,42,43
内江,济南,4,154,158
内江,金华,2,48,50
内江,厦门,2,72,74
内江,兰州,2,48,50
内江,喀什,1,1,2
昆明,鹰潭,4,73,77
昆明,喀什,1,11,12
大理州,保定,2,44,46
大理州,连云港,1,14,15
大理州,临沂,1,25,26
大理州,嘉兴,2,48,50
大理州,湛江,1,35,36
大理州,南宁,3,137,140
大理州,银川,1,36,37
大理州,拉萨,1,21,22
宝鸡,太原,2,293,295
宝鸡,哈尔滨,2,386,388
宝鸡,南京,2,328,330
宝鸡,常州,1,152,153
宝鸡,杭州,2,407,409
宝鸡,泉州,1,139,140
宝鸡,重庆,2,347,349
宝鸡,贵阳,1,197,198
宝鸡,大理州,1,46,47
宝鸡,西宁,1,61,62
兰州,太原,4,125,129
兰州,南通,2,46,48
兰州,济南,7,220,227
兰州,义乌,1,31,32
兰州,南昌,5,143,148
兰州,郑州,6,207,213
兰州,信阳,2,74,76
兰州,内江,1,13,14
银川,长春,5,58,63
银川,徐州,2,27,29
银川,连云港,1,8,9
银川,济南,6,79,85
银川,天津,5,71,76
银川,温州,3,34,37
银川,南昌,4,46,50
银川,长沙,8,82,90
银川,武汉,6,74,80
银川,荆州,1,5,6
银川,漯河,2,21,23
银川,信阳,2,22,24
银川,成都,10,128,138
银川,西宁,2,38,40
银川,拉萨,1,15,16
西宁,包头,1,6,7
西宁,廊坊,1,7,8
西宁,南京,1,40,41
西宁,合肥,1,31,32
西宁,蚌埠,1,16,17
西宁,安庆,1,9,10
西宁,天津,2,42,44
西宁,杭州,2,50,52
西宁,衡阳,1,19,20
西宁,信阳,1,33,34
西宁,洛阳,1,26,27
西宁,柳州,1,10,11
西宁,贵阳,1,29,30
西宁,阿克苏,1,9,10
西宁,喀什,1,2,3
西宁,拉萨,2,61,63
乌鲁木齐,保定,3,199,202
乌鲁木齐,南京,3,133,136
乌鲁木齐,烟台,1,50,51
乌鲁木齐,杭州,5,250,255
乌鲁木齐,湖州,1,30,31
乌鲁木齐,宁波,2,78,80
乌鲁木齐,赣州,1,18,19
乌鲁木齐,湛江,1,21,22
乌鲁木齐,中山,2,87,89
乌鲁木齐,拉萨,1,31,32
阿克苏,石家庄,1,16,17
阿克苏,唐山,1,3,4
阿克苏,南京,1,19,20
阿克苏,盐城,1,3,4
阿克苏,天津,1,31,32
阿克苏,杭州,1,32,33
阿克苏,湖州,1,4,5
阿克苏,金华,1,11,12
阿克苏,长沙,2,36,38
阿克苏,常德,1,5,6
阿克苏,漯河,1,25,26
阿克苏,深圳,1,27,28
阿克苏,湛江,1,3,4
喀什,廊坊,1,1,2
喀什,保定,1,3,4
喀什,北京,1,17,18
喀什,锦州,1,2,3
喀什,哈尔滨,1,10,11
喀什,南京,1,11,12
喀什,连云港,1,1,2
喀什,淮安,1,1,2
喀什,安庆,1,2,3
喀什,宁波,1,2,3
喀什,赣州,1,2,3
喀什,长沙,2,17,19
喀什,武汉,1,27,28
喀什,广州,1,24,25
喀什,昆明,1,9,10
喀什,乌鲁木齐,1,14,15
拉萨,沈阳,1,13,14
拉萨,大连,1,2,3
拉萨,哈尔滨,1,11,12
拉萨,上海,1,17,18
拉萨,烟台,1,2,3
拉萨,济宁,1,4,5
拉萨,临沂,1,4,5
拉萨,杭州,1,13,14
拉萨,武汉,1,25,26
石家庄,保定,132,1431,1563
唐山,保定,26,307,333
南京,无锡,179,2266,2445
扬州,苏州,81,838,919
无锡,扬州,49,347,396
无锡,南通,73,542,615
连云港,徐州,67,422,489
淮安,南通,35,356,391
徐州,淮安,33,542,575
常州,扬州,49,449,498
杭州,杭州,315,744,1059
台州,杭州,424,1496,1920
台州,湖州,75,254,329
金华,宁波,527,3690,4217
温州,宁波,268,1031,1299
温州,湖州,70,252,322
福州,泉州,85,1047,1132
汕头,广州,281,2288,2569
昆明,大理州,117,2171,2288
昆明,昆明,159,4336,4495
石家庄,石家庄,256,2931,3187
石家庄,青岛,146,1715,1861
石家庄,漯河,113,1245,1358
石家庄,福州,140,1604,1744
石家庄,柳州,62,649,711
石家庄,昆明,137,1540,1677
石家庄,安庆,41,473,514
石家庄,鹰潭,24,268,292
石家庄,海口,86,967,1053
廊坊,太原,40,349,389
廊坊,青岛,29,261,290
廊坊,银川,23,198,221
保定,成都,146,1238,1384
保定,西安,134,1106,1240
保定,锦州,20,142,162
保定,南京,37,291,328
保定,徐州,38,297,335
保定,洛阳,47,381,428
保定,南宁,53,444,497
北京,成都,80,1801,1881
沈阳,哈尔滨,320,2661,2981
沈阳,侯马,48,344,392
沈阳,济南,148,1201,1349
长春,石家庄,33,765,798
长春,合肥,14,273,287
南京,石家庄,153,1795,1948
南京,芜湖,73,860,933
南京,柳州,56,623,679
南京,贵阳,155,1821,1976
南京,兰州,96,1163,1259
常州,郑州,271,2745,3016
常州,广州,394,3983,4377
无锡,锦州,24,180,204
无锡,西安,134,1023,1157
无锡,兰州,57,442,499
常州,南宁,156,1594,1750
苏州,锦州,32,227,259
苏州,天津,122,990,1112
苏州,信阳,68,546,614
苏州,柳州,46,360,406
苏州,拉萨,26,193,219
徐州,信阳,126,2178,2304
徐州,漯河,112,1946,2058
徐州,中山,134,2302,2436
徐州,锦州,49,809,858
徐州,福州,171,3080,3251
徐州,武汉,286,5441,5727
徐州,西安,298,5441,5739
连云港,呼和浩特,36,228,264
连云港,哈尔滨,69,470,539
连云港,锦州,19,113,132
连云港,长春,68,460,528
连云港,武汉,80,535,615
连云港,洛阳,30,194,224
徐州,昆明,141,2546,2687
盐城,石家庄,49,267,316
盐城,北京,57,319,376
盐城,信阳,50,240,290
盐城,南宁,41,229,270
盐城,金华,34,164,198
扬州,呼和浩特,40,417,457
扬州,武汉,75,814,889
扬州,西安,79,817,896
常州,长沙,196,1993,2189
常州,乌鲁木齐,65,638,703
南通,沈阳,65,1443,1508
南通,长春,43,895,938
南通,安庆,21,441,462
南通,柳州,21,432,453
合肥,湛江,71,737,808
合肥,南宁,210,2277,2487
安庆,长春,127,1218,1345
安庆,长沙,148,1504,1652
蚌埠,济南,252,2596,2848
蚌埠,中山,110,1017,1127
蚌埠,北京,137,1351,1488
蚌埠,杭州,118,1197,1315
蚌埠,福州,135,1416,1551
芜湖,哈尔滨,44,558,602
芜湖,广州,149,1916,2065
芜湖,贵阳,64,747,811
济南,西安,386,4489,4875
潍坊,呼和浩特,30,440,470
临沂,广州,63,755,818
天津,青岛,45,1953,1998
杭州,哈尔滨,488,1118,1606
杭州,长春,381,869,1250
杭州,常州,253,590,843
杭州,鹰潭,84,183,267
杭州,福州,457,1053,1510
杭州,长沙,613,1419,2032
杭州,昆明,397,953,1350
湖州,呼和浩特,61,154,215
湖州,长沙,210,575,785
湖州,洛阳,69,186,255
湖州,昆明,302,832,1134
嘉兴,天津,106,325,431
嘉兴,武汉,215,647,862
嘉兴,郑州,171,527,698
嘉兴,广州,317,955,1272
嘉兴,湛江,41,117,158
嘉兴,柳州,46,136,182
宁波,安庆,46,355,401
宁波,漯河,111,843,954
宁波,成都,283,2337,2620
台州,侯马,109,380,489
台州,北京,205,748,953
台州,鹰潭,53,181,234
台州,兰州,137,509,646
金华,呼和浩特,208,1504,1712
金华,太原,387,2930,3317
金华,衡阳,184,1389,1573
金华,中山,331,2494,2825
金华,汕头,275,2080,2355
金华,湛江,174,1300,1474
金华,南宁,465,3549,4014
金华,乌鲁木齐,224,1666,1890
温州,青岛,145,611,756
温州,福州,267,1119,1386
温州,漯河,110,432,542
温州,兰州,101,402,503
南昌,沈阳,169,1624,1793
南昌,合肥,125,1587,1712
南昌,兰州,115,932,1047
鹰潭,济南,35,328,363
鹰潭,信阳,16,130,146
鹰潭,广州,54,528,582
福州,武汉,136,1730,1866
福州,贵阳,83,956,1039
泉州,广州,322,10279,10601
泉州,天津,42,1232,1274
泉州,青岛,37,1086,1123
泉州,阿克苏,21,572,593
厦门,杭州,54,1736,1790
重庆,金华,21,650,671
重庆,福州,47,1679,1726
重庆,柳州,27,955,982
长沙,呼和浩特,132,1793,1925
长沙,太原,131,1950,2081
长沙,济南,242,3740,3982
长沙,武汉,324,5047,5371
长沙,漯河,106,1585,1691
长沙,信阳,121,1918,2039
长沙,南充,98,1514,1612
长沙,西安,310,4918,5228
长沙,乌鲁木齐,111,1458,1569
衡阳,郑州,36,1003,1039
武汉,南昌,212,4351,4563
武汉,沈阳,203,4487,4690
武汉,徐州,86,1750,1836
武汉,西安,253,5498,5751
襄阳,常州,13,229,242
襄阳,广州,60,1219,1279
襄阳,中山,19,328,347
郑州,青岛,178,3193,3371
郑州,厦门,117,2025,2142
郑州,汕头,135,2280,2415
郑州,锦州,66,1151,1217
郑州,太原,243,4394,4637
洛阳,石家庄,125,1292,1417
洛阳,福州,69,807,876
洛阳,湛江,32,338,370
洛阳,银川,51,439,490
漯河,郑州,74,1921,1995
信阳,银川,21,261,282
广州,厦门,221,2103,2324
广州,成都,389,3919,4308
广州,兰州,146,1410,1556
汕头,常州,16,95,111
汕头,合肥,26,201,227
汕头,贵阳,69,500,569
汕头,成都,96,808,904
汕头,阿克苏,16,106,122
湛江,天津,13,301,314
广州,沈阳,176,1832,2008
中山,中山,85,1069,1154
成都,杭州,63,1612,1675
石家庄,上海,245,3074,3319
石家庄,常德,43,510,553
石家庄,烟台,60,691,751
石家庄,衡阳,65,737,802
石家庄,赣州,43,479,522
石家庄,荆州,21,232,253
石家庄,内江,14,157,171
天津,廊坊,15,440,455
天津,徐州,18,609,627
天津,南通,9,311,320
天津,衡阳,9,262,271
天津,银川,15,506,521
唐山,无锡,4,41,45
唐山,南充,4,33,37
北京,无锡,17,351,368
北京,南通,13,267,280
北京,宁波,21,460,481
北京,乌鲁木齐,21,510,531
廊坊,蚌埠,14,127,141
廊坊,襄阳,10,76,86
廊坊,宁波,12,115,127
廊坊,鹰潭,6,46,52
廊坊,荆州,4,33,37
保定,宁波,28,225,253
保定,长沙,83,717,800
保定,连云港,13,87,100
保定,芜湖,17,125,142
保定,潍坊,37,328,365
保定,泉州,21,160,181
保定,鹰潭,10,74,84
北京,温州,16,342,358
北京,中山,20,438,458
北京,拉萨,7,135,142
沈阳,保定,62,488,550
沈阳,重庆,38,299,337
沈阳,盐城,18,136,154
沈阳,南通,29,214,243
沈阳,临沂,41,405,446
沈阳,台州,24,189,213
沈阳,温州,39,297,336
沈阳,福州,47,357,404
沈阳,西宁,15,98,113
长春,太原,29,741,770
长春,沈阳,102,2838,2940
长春,上海,26,803,829
长春,宁波,10,255,265
长春,成都,23,598,621
长春,南充,5,115,120
长春,昆明,18,380,398
哈尔滨,太原,31,959,990
哈尔滨,上海,49,1419,1468
哈尔滨,苏州,22,663,685
哈尔滨,徐州,14,377,391
哈尔滨,青岛,42,1384,1426
南京,包头,25,292,317
南京,唐山,41,513,554
南京,烟台,41,497,538
南京,鹰潭,23,246,269
南京,内江,13,128,141
扬州,南通,29,301,330
扬州,金华,26,274,300
淮安,哈尔滨,20,192,212
淮安,中山,17,158,175
淮安,昆明,18,165,183
常州,烟台,54,539,593
常州,济宁,74,784,858
常州,温州,84,866,950
常州,常德,37,365,402
无锡,唐山,26,195,221
无锡,大连,34,266,300
无锡,潍坊,31,243,274
无锡,嘉兴,40,319,359
无锡,赣州,16,121,137
无锡,常德,18,133,151
无锡,包头,16,124,140
无锡,喀什,3,17,20
常州,安庆,48,479,527
苏州,义乌,26,207,233
苏州,泉州,52,421,473
苏州,深圳,115,967,1082
苏州,烟台,37,299,336
苏州,衡阳,47,393,440
苏州,内江,9,71,80
徐州,温州,82,1554,1636
徐州,廊坊,39,701,740
徐州,湖州,34,586,620
连云港,嘉兴,17,113,130
连云港,泉州,24,170,194
连云港,衡阳,18,136,154
连云港,深圳,63,471,534
淮安,扬州,19,191,210
淮安,海口,16,163,179
盐城,长春,34,200,234
盐城,安庆,18,96,114
盐城,烟台,27,142,169
盐城,嘉兴,25,147,172
盐城,鹰潭,9,39,48
盐城,襄阳,14,70,84
盐城,昆明,34,196,230
盐城,包头,7,37,44
常州,荆州,19,184,203
常州,阿克苏,15,129,144
南通,临沂,21,452,473
南通,台州,28,603,631
合肥,廊坊,45,465,510
合肥,上海,465,5375,5840
安庆,扬州,25,262,287
安庆,潍坊,43,430,473
安庆,嘉兴,47,449,496
安庆,内江,10,93,103
安庆,乌鲁木齐,18,163,181
蚌埠,安庆,42,399,441
蚌埠,温州,63,644,707
蚌埠,乌鲁木齐,26,264,290
蚌埠,内江,12,115,127
芜湖,济南,95,1140,1235
芜湖,青岛,49,617,666
芜湖,南宁,74,901,975
芜湖,成都,107,1381,1488
芜湖,蚌埠,44,551,595
芜湖,潍坊,20,268,288
芜湖,柳州,31,346,377
济南,廊坊,47,518,565
济南,南京,126,1412,1538
济南,无锡,63,771,834
济南,烟台,113,1257,1370
济南,南充,74,764,838
潍坊,包头,8,122,130
潍坊,侯马,13,189,202
潍坊,南京,19,270,289
潍坊,福州,18,259,277
潍坊,重庆,18,276,294
潍坊,芜湖,7,93,100
青岛,北京,107,1628,1735
青岛,苏州,27,397,424
青岛,青岛,32,399,431
青岛,临沂,19,254,273
青岛,乌鲁木齐,17,241,258
青岛,汕头,16,214,230
济宁,太原,27,563,590
济宁,沈阳,40,867,907
济宁,嘉兴,7,142,149
济宁,厦门,14,250,264
济宁,信阳,16,307,323
临沂,武汉,39,484,523
临沂,东莞,18,205,223
济宁,保定,11,215,226
济南,台州,45,506,551
临沂,芜湖,9,80,89
临沂,赣州,8,86,94
临沂,湛江,11,123,134
杭州,苏州,491,1168,1659
杭州,常德,118,275,393
湖州,苏州,113,313,426
湖州,南通,47,123,170
湖州,蚌埠,109,293,402
湖州,常德,52,140,192
湖州,深圳,121,335,456
湖州,大理州,77,206,283
嘉兴,廊坊,20,60,80
嘉兴,淮安,21,57,78
嘉兴,喀什,7,20,27
宁波,潍坊,63,524,587
宁波,济宁,54,448,502
宁波,泉州,92,767,859
台州,包头,26,88,114
台州,保定,80,292,372
台州,盐城,76,273,349
台州,临沂,99,358,457
台州,荆州,33,112,145
台州,东莞,230,863,1093
台州,海口,116,429,545
台州,宝鸡,26,91,117
金华,连云港,110,850,960
金华,泉州,227,1736,1963
金华,荆州,52,393,445
温州,廊坊,34,137,171
温州,包头,20,82,102
温州,东莞,153,671,824
南昌,太原,130,1407,1537
南昌,上海,248,3742,3990
南昌,苏州,120,1654,1774
南昌,金华,70,891,961
南昌,常州,61,827,888
南昌,西宁,24,179,203
鹰潭,太原,20,177,197
鹰潭,北京,44,457,501
鹰潭,沈阳,27,271,298
鹰潭,大连,7,58,65
鹰潭,南京,13,113,126
鹰潭,金华,10,86,96
福州,上海,128,2130,2258
福州,徐州,48,594,642
福州,重庆,72,1003,1075
福州,沈阳,103,1221,1324
福州,大连,26,337,363
福州,嘉兴,29,387,416
福州,盐城,18,221,239
厦门,沈阳,31,1122,1153
厦门,哈尔滨,30,953,983
厦门,天津,33,1025,1058
厦门,泉州,56,1700,1756
厦门,深圳,66,2215,2281
泉州,临沂,17,452,469
泉州,盐城,12,322,334
泉州,扬州,10,266,276
泉州,银川,17,499,516
泉州,拉萨,15,455,470
厦门,常州,22,639,661
厦门,温州,27,859,886
重庆,苏州,34,1288,1322
重庆,东莞,37,1421,1458
重庆,淮安,6,196,202
重庆,济宁,10,384,394
重庆,临沂,10,407,417
长沙,包头,37,506,543
长沙,苏州,144,2179,2323
长沙,烟台,40,608,648
长沙,深圳,285,4739,5024
长沙,东莞,210,3409,3619
常德,上海,50,983,1033
常德,南通,6,104,110
常德,重庆,15,291,306
衡阳,呼和浩特,16,380,396
衡阳,长沙,76,2260,2336
衡阳,中山,31,858,889
衡阳,海口,19,548,567
衡阳,成都,48,1487,1535
衡阳,西安,39,1115,1154
衡阳,兰州,13,407,420
衡阳,银川,9,216,225
衡阳,侯马,15,341,356
衡阳,杭州,31,869,900
衡阳,信阳,17,444,461
衡阳,湛江,13,363,376
衡阳,宁波,15,456,471
衡阳,温州,14,401,415
武汉,无锡,62,1318,1380
武汉,芜湖,52,1057,1109
武汉,安庆,48,962,1010
武汉,泉州,81,1739,1820
武汉,潍坊,48,1009,1057
武汉,义乌,23,436,459
荆州,哈尔滨,19,173,192
荆州,青岛,16,134,150
荆州,南昌,24,225,249
荆州,西安,31,298,329
荆州,深圳,31,315,346
荆州,金华,12,108,120
荆州,台州,7,72,79
襄阳,北京,52,1129,1181
襄阳,苏州,22,458,480
襄阳,南通,6,117,123
襄阳,青岛,14,266,280
襄阳,赣州,6,103,109
襄阳,厦门,13,197,210
襄阳,常德,5,91,96
襄阳,海口,11,225,236
郑州,东莞,144,2615,2759
郑州,大连,69,1211,1280
郑州,泉州,83,1497,1580
洛阳,内江,9,94,103
漯河,沈阳,55,1435,1490
漯河,福州,36,834,870
漯河,重庆,37,908,945
漯河,常德,13,287,300
漯河,南宁,46,1180,1226
漯河,柳州,21,443,464
漯河,蚌埠,16,407,423
漯河,海口,15,355,370
漯河,金华,15,368,383
漯河,赣州,12,293,305
信阳,北京,101,1610,1711
信阳,南宁,44,606,650
信阳,南京,26,355,381
信阳,泉州,15,209,224
信阳,昆明,26,358,384
洛阳,乌鲁木齐,21,129,150
广州,北京,320,3132,3452
广州,杭州,155,1619,1774
广州,银川,61,583,644
汕头,廊坊,10,70,80
汕头,潍坊,14,92,106
汕头,嘉兴,10,75,85
汕头,赣州,19,138,157
汕头,重庆,45,366,411
汕头,常德,23,178,201
汕头,宝鸡,5,37,42
汕头,银川,15,103,118
汕头,深圳,85,841,926
湛江,温州,9,199,208
湛江,衡阳,9,194,203
湛江,兰州,10,218,228
湛江,徐州,8,163,171
湛江,烟台,4,87,91
中山,泉州,31,443,474
中山,海口,38,514,552
中山,南昌,55,703,758
中山,成都,97,1250,1347
中山,唐山,16,172,188
中山,徐州,29,377,406
中山,南通,15,194,209
中山,台州,16,208,224
贵阳,南京,9,199,208
贵阳,常州,5,119,124
贵阳,徐州,6,127,133
贵阳,青岛,7,178,185
海口,贵阳,6,83,89
成都,呼和浩特,73,1806,1879
成都,常州,27,638,665
成都,宁波,35,880,915
成都,义乌,10,224,234
成都,赣州,16,374,390
成都,厦门,34,805,839
昆明,太原,17,326,343
昆明,上海,57,1214,1271
昆明,南充,15,273,288
昆明,银川,9,164,173
昆明,无锡,10,208,218
昆明,合肥,14,297,311
昆明,蚌埠,7,145,152
昆明,洛阳,8,146,154
昆明,拉萨,5,78,83
西安,北京,136,6086,6222
西安,沈阳,74,3120,3194
西安,哈尔滨,62,2792,2854
西安,济南,68,2667,2735
西安,长沙,106,4281,4387
西安,贵阳,64,2482,2546
西安,徐州,26,939,965
西安,信阳,34,1155,1189
西安,银川,46,1388,1434
太原,太原,40,1624,1664
太原,北京,46,2504,2550
厦门,锦州,8,207,215
南宁,贵阳,35,2290,2325
呼和浩特,包头,23,627,650
呼和浩特,侯马,5,122,127
呼和浩特,上海,10,288,298
呼和浩特,深圳,7,190,197
呼和浩特,西安,14,458,472
呼和浩特,重庆,7,175,182
锦州,石家庄,4,112,116
锦州,大连,4,81,85
太原,侯马,17,824,841
太原,哈尔滨,15,762,777
天津,西宁,5,161,166
哈尔滨,扬州,5,111,116
哈尔滨,芜湖,6,132,138
哈尔滨,安庆,6,116,122
哈尔滨,台州,8,214,222
哈尔滨,金华,10,280,290
哈尔滨,衡阳,7,177,184
合肥,拉萨,10,106,116
济南,扬州,28,316,344
济南,赣州,34,409,443
青岛,扬州,6,91,97
青岛,嘉兴,10,134,144
鹰潭,常德,6,57,63
福州,连云港,13,169,182
福州,内江,6,65,71
厦门,包头,6,147,153
厦门,唐山,9,256,265
厦门,大理州,6,158,164
衡阳,常德,12,370,382
信阳,大连,13,188,201
信阳,扬州,7,88,95
信阳,嘉兴,12,170,182
广州,扬州,23,229,252
中山,乌鲁木齐,41,577,618
汕头,包头,5,49,54
南宁,青岛,10,750,760
南宁,温州,10,744,754
南宁,长沙,38,2863,2901
南宁,柳州,43,3016,3059
南宁,兰州,5,490,495
柳州,合肥,3,108,111
柳州,济南,5,160,165
柳州,长沙,7,317,324
柳州,郑州,4,158,162
柳州,深圳,10,470,480
柳州,柳州,18,778,796
柳州,贵阳,7,319,326
贵阳,盐城,3,57,60
贵阳,潍坊,4,78,82
贵阳,嘉兴,5,124,129
贵阳,襄阳,4,68,72
贵阳,洛阳,4,90,94
南充,天津,11,228,239
南充,长沙,17,244,261
南充,深圳,15,256,271
南充,兰州,8,136,144
南充,呼和浩特,5,97,102
成都,连云港,9,207,216
大理州,石家庄,4,129,133
大理州,苏州,4,136,140
西安,大连,23,878,901
西安,盐城,14,566,580
西安,湖州,13,557,570
西安,台州,23,918,941
深圳,广州,855,2692,3547
深圳,汕头,122,380,502
东莞,汕头,141,734,875
东莞,湛江,92,475,567
包头,太原,5,112,117
太原,汕头,5,219,224
太原,贵阳,7,352,359
大连,侯马,4,32,36
哈尔滨,襄阳,5,111,116
上海,呼和浩特,102,1560,1662
上海,银川,65,956,1021
上海,哈尔滨,119,1755,1874
上海,侯马,45,678,723
上海,徐州,65,987,1052
上海,福州,141,2178,2319
上海,汕头,52,779,831
上海,海口,80,1245,1325
上海,西安,156,2331,2487
济宁,湛江,7,154,161
济宁,南宁,9,171,180
义乌,锦州,94,763,857
义乌,长春,405,3326,3731
义乌,徐州,442,3644,4086
义乌,合肥,543,4484,5027
义乌,长沙,854,7046,7900
义乌,武汉,910,7485,8395
鹰潭,鹰潭,3,22,25
赣州,济南,15,954,969
赣州,南昌,12,855,867
赣州,福州,8,555,563
荆州,芜湖,7,60,67
深圳,侯马,51,159,210
深圳,长春,81,257,338
深圳,南昌,121,383,504
深圳,长沙,261,840,1101
深圳,成都,252,796,1048
深圳,乌鲁木齐,116,372,488
东莞,蚌埠,50,266,316
东莞,厦门,98,531,629
东莞,郑州,165,883,1048
东莞,南宁,201,1079,1280
东莞,乌鲁木齐,94,501,595
南充,徐州,5,75,80
银川,呼和浩特,10,163,173
呼和浩特,宝鸡,1,25,26
包头,淮安,1,1,2
包头,杭州,1,17,18
包头,南充,1,2,3
太原,南通,2,98,100
太原,临沂,4,188,192
太原,嘉兴,2,124,126
太原,赣州,2,80,82
太原,重庆,6,371,377
太原,南充,3,148,151
太原,大理州,2,60,62
侯马,唐山,1,75,76
侯马,保定,2,99,101
侯马,锦州,1,55,56
侯马,上海,4,346,350
侯马,连云港,1,27,28
侯马,扬州,1,34,35
侯马,蚌埠,1,98,99
侯马,芜湖,1,72,73
侯马,潍坊,1,83,84
侯马,天津,4,335,339
侯马,福州,2,185,187
侯马,衡阳,1,82,83
侯马,洛阳,2,119,121
侯马,中山,2,135,137
侯马,海口,1,71,72
侯马,成都,4,392,396
侯马,南充,1,86,87
侯马,喀什,1,3,4
唐山,盐城,2,23,25
唐山,济宁,3,40,43
唐山,宝鸡,1,11,12
唐山,阿克苏,1,8,9
廊坊,拉萨,5,52,57
北京,潍坊,14,349,363
大连,淮安,1,6,7
大连,南通,2,23,25
大连,烟台,4,47,51
大连,温州,4,48,52
大连,鹰潭,1,7,8
大连,衡阳,2,17,19
大连,洛阳,4,39,43
大连,南宁,6,64,70
大连,昆明,7,78,85
大连,乌鲁木齐,3,29,32
大连,阿克苏,1,5,6
锦州,廊坊,2,36,38
锦州,保定,2,48,50
锦州,锦州,2,28,30
锦州,苏州,2,48,50
锦州,烟台,2,35,37
锦州,济宁,1,23,24
锦州,金华,1,23,24
锦州,深圳,2,50,52
锦州,湛江,1,8,9
锦州,南宁,2,32,34
锦州,海口,1,21,22
锦州,宝鸡,1,6,7
锦州,兰州,2,41,43
长春,淮安,2,39,41
长春,鹰潭,2,42,44
长春,内江,1,24,25
长春,阿克苏,2,49,51
长春,喀什,1,13,14
上海,保定,28,423,451
上海,连云港,20,305,325
上海,湖州,23,354,377
上海,义乌,16,238,254
淮安,喀什,2,22,24
盐城,内江,3,17,20
扬州,义乌,10,96,106
扬州,拉萨,5,53,58
芜湖,淮安,5,71,76
安庆,喀什,2,12,14
潍坊,扬州,4,66,70
潍坊,湖州,4,65,69
潍坊,鹰潭,3,40,43
烟台,唐山,4,94,98
烟台,廊坊,3,62,65
烟台,淮安,2,32,34
烟台,盐城,3,72,75
烟台,湖州,3,57,60
烟台,嘉兴,5,109,114
烟台,义乌,2,46,48
烟台,常德,3,57,60
烟台,襄阳,3,71,74
烟台,大理州,1,18,19
烟台,拉萨,1,15,16
青岛,西宁,2,28,30
济宁,台州,6,136,142
济宁,鹰潭,3,64,67
济宁,大理州,2,44,46
临沂,扬州,5,55,60
临沂,义乌,3,39,42
临沂,荆州,3,39,42
临沂,海口,4,51,55
临沂,宝鸡,4,42,46
临沂,西宁,3,28,31
临沂,喀什,1,11,12
天津,喀什,1,41,42
义乌,廊坊,100,828,928
义乌,保定,195,1613,1808
义乌,大理州,84,689,773
鹰潭,内江,2,16,18
鹰潭,宝鸡,3,25,28
鹰潭,西宁,3,25,28
赣州,太原,9,697,706
赣州,保定,3,210,213
赣州,大连,2,170,172
赣州,无锡,3,200,203
赣州,徐州,4,309,313
赣州,扬州,2,88,90
赣州,南通,2,133,135
赣州,安庆,2,127,129
赣州,青岛,6,454,460
赣州,襄阳,2,137,139
赣州,深圳,10,818,828
常德,大连,2,31,33
常德,芜湖,3,41,44
常德,赣州,3,60,63
常德,内江,1,19,20
常德,银川,3,51,54
衡阳,内江,2,63,65
衡阳,宝鸡,3,68,71
荆州,廊坊,4,36,40
荆州,连云港,3,32,35
荆州,阿克苏,2,15,17
襄阳,喀什,1,4,5
深圳,苏州,129,417,546
深圳,南通,45,144,189
深圳,济宁,28,90,118
深圳,西宁,29,93,122
东莞,保定,42,226,268
东莞,常德,38,205,243
湛江,拉萨,1,9,10
南宁,廊坊,3,197,200
南宁,荆州,2,171,173
南宁,乌鲁木齐,4,282,286
柳州,呼和浩特,1,42,43
柳州,唐山,1,27,28
柳州,保定,1,34,35
柳州,大连,1,34,35
柳州,锦州,1,20,21
柳州,潍坊,1,34,35
柳州,宝鸡,1,11,12
贵阳,呼和浩特,3,96,99
贵阳,喀什,1,5,6
海口,太原,4,49,53
海口,廊坊,1,12,13
海口,盐城,1,11,12
海口,嘉兴,2,21,23
海口,赣州,2,19,21
海口,荆州,1,10,11
海口,襄阳,1,14,15
海口,兰州,2,23,25
海口,乌鲁木齐,2,29,31
南充,保定,3,55,58
南充,大连,4,52,56
南充,扬州,2,27,29
南充,临沂,3,35,38
南充,银川,3,61,64
南充,乌鲁木齐,3,30,33
内江,唐山,1,22,23
内江,沈阳,2,78,80
内江,湖州,1,18,19
内江,南昌,3,118,121
内江,成都,12,512,524
内江,南充,2,87,89
昆明,荆州,3,52,55
大理州,呼和浩特,2,46,48
大理州,包头,1,17,18
大理州,锦州,2,42,44
大理州,常州,2,57,59
大理州,盐城,1,28,29
大理州,蚌埠,2,42,44
大理州,台州,1,37,38
大理州,赣州,1,30,31
大理州,厦门,2,82,84
宝鸡,包头,1,101,102
宝鸡,北京,5,1134,1139
宝鸡,连云港,1,37,38
宝鸡,淮安,1,33,34
宝鸡,天津,2,336,338
宝鸡,福州,2,292,294
宝鸡,荆州,1,38,39
宝鸡,汕头,2,261,263
宝鸡,东莞,2,428,430
宝鸡,中山,2,385,387
宝鸡,南宁,2,305,307
宝鸡,成都,3,572,575
宝鸡,兰州,2,256,258
兰州,北京,15,531,546
兰州,沈阳,11,438,449
兰州,泉州,3,76,79
兰州,长沙,8,227,235
兰州,东莞,5,131,136
兰州,喀什,2,31,33
银川,保定,2,23,25
银川,北京,11,148,159
银川,合肥,4,46,50
银川,安庆,2,15,17
银川,湖州,1,12,13
银川,湛江,2,16,18
银川,中山,3,38,41
银川,贵阳,4,43,47
银川,海口,4,42,46
西宁,唐山,1,15,16
西宁,沈阳,2,47,49
西宁,哈尔滨,1,41,42
西宁,无锡,1,19,20
西宁,淮安,1,3,4
西宁,南通,1,13,14
西宁,潍坊,1,16,17
西宁,湖州,1,6,7
西宁,嘉兴,1,13,14
西宁,义乌,1,7,8
西宁,南昌,1,34,35
西宁,泉州,1,11,12
西宁,广州,3,95,98
西宁,大理州,1,13,14
西宁,兰州,6,192,198
西宁,乌鲁木齐,2,38,40
乌鲁木齐,哈尔滨,3,172,175
乌鲁木齐,无锡,1,59,60
乌鲁木齐,苏州,3,167,170
乌鲁木齐,淮安,1,11,12
乌鲁木齐,潍坊,1,41,42
乌鲁木齐,金华,2,66,68
乌鲁木齐,温州,2,83,85
乌鲁木齐,厦门,2,65,67
乌鲁木齐,泉州,2,69,71
乌鲁木齐,襄阳,1,35,36
阿克苏,呼和浩特,1,8,9
阿克苏,锦州,1,4,5
阿克苏,常州,1,7,8
阿克苏,徐州,1,14,15
阿克苏,连云港,1,3,4
阿克苏,南通,1,6,7
阿克苏,芜湖,1,6,7
阿克苏,临沂,1,5,6
阿克苏,襄阳,1,6,7
阿克苏,信阳,1,28,29
阿克苏,汕头,1,8,9
阿克苏,南充,1,35,36
阿克苏,兰州,1,107,108
阿克苏,喀什,1,101,102
喀什,合肥,1,11,12
喀什,天津,1,8,9
喀什,嘉兴,1,2,3
喀什,义乌,1,2,3
喀什,鹰潭,1,1,2
喀什,泉州,1,5,6
拉萨,呼和浩特,1,3,4
拉萨,包头,1,1,2
拉萨,淮安,1,1,2
拉萨,盐城,1,2,3
拉萨,南通,1,3,4
拉萨,安庆,1,4,5
拉萨,济南,1,20,21
拉萨,嘉兴,1,4,5
拉萨,南昌,1,10,11
拉萨,常德,1,6,7
拉萨,贵阳,1,28,29
拉萨,成都,2,219,221
拉萨,喀什,1,0,1
拉萨,拉萨,2,222,224
义乌,东莞,460,3806,4266
